0	1	n	8071.31713	0.00046
1	1	H	7288.97061	0.00009
1	2	H	13135.72176	0.00011
1	3	H	14949.80993	0.00022
2	3	He	14931.21793	0.00021
3	3	Li	28667#	2000#
1	4	H	24621.127	100
2	4	He	2424.91561	0.00006
3	4	Li	25323.189	212.132
1	5	H	32892.444	89.443
2	5	He	11231.233	20
3	5	Li	11678.886	50
4	5	Be	37139#	2003#
1	6	H	41875.721	254.127
2	6	He	17592.095	0.053
3	6	Li	14086.87895	0.00144
4	6	Be	18375.033	5.448
5	6	B	47320#	2003#
1	7	H	49135#	1004#
2	7	He	26073.126	7.559
3	7	Li	14907.10529	0.00423
4	7	Be	15768.999	0.071
5	7	B	27676.55	25.15
2	8	He	31609.681	0.089
3	8	Li	20945.804	0.047
4	8	Be	4941.671	0.035
5	8	B	22921.567	1
6	8	C	35064.268	18.243
2	9	He	40935.826	46.816
3	9	Li	24954.902	0.186
4	9	Be	11348.453	0.077
5	9	B	12416.488	0.903
6	9	C	28910.972	2.137
2	10	He	49197.143	92.848
3	10	Li	33052.624	12.721
4	10	Be	12607.488	0.081
5	10	B	12050.609	0.015
6	10	C	15698.672	0.07
7	10	N	38800.026	400
3	11	Li	40728.254	0.615
4	11	Be	20177.167	0.238
5	11	B	8667.707	0.012
6	11	C	10649.396	0.06
7	11	N	24303.559	46.154
3	12	Li	49009.571	30.006
4	12	Be	25077.76	1.909
5	12	B	13369.397	1.321
6	12	C	0	0
7	12	N	17338.068	1
8	12	O	31914.613	24
3	13	Li	56980.888	70.003
4	13	Be	33659.077	10.18
5	13	B	16561.947	1
6	13	C	3125.00888	0.00021
7	13	N	5345.481	0.27
8	13	O	23115.432	9.526
4	14	Be	39954.498	132.245
5	14	B	23663.685	21.213
6	14	C	3019.89278	0.00376
7	14	N	2863.41672	0.00019
8	14	O	8007.781	0.025
9	14	F	31964.402	41.119
4	15	Be	49825.815	165.797
5	15	B	28958.242	21.032
6	15	C	9873.144	0.8
7	15	N	101.43871	0.0006
8	15	O	2855.605	0.491
9	15	F	16566.751	14
10	15	Ne	40215.373	66.684
4	16	Be	57447.132	165.797
5	16	B	37112.51	24.569
6	16	C	13694.132	3.578
7	16	N	5683.907	2.301
8	16	O	-4737.00135	0.00016
9	16	F	10680.253	8.321
10	16	Ne	23986.776	20.48
5	17	B	43716.317	204.104
6	17	C	21031.898	17.365
7	17	N	7870.079	15
8	17	O	-808.76348	0.00066
9	17	F	1951.702	0.248
10	17	Ne	16500.447	0.354
11	17	Na	35173.214	1001.356
5	18	B	51792.634	204.165
6	18	C	24919.264	30
7	18	N	13113.168	18.57
8	18	O	-782.8156	0.00071
9	18	F	873.113	0.463
10	18	Ne	5317.614	0.363
11	18	Na	25037.988	93.881
5	19	B	59770.244	525.363
6	19	C	32413.752	98.389
7	19	N	15856.282	16.404
8	19	O	3332.858	2.637
9	19	F	-1487.4442	0.00086
10	19	Ne	1752.05	0.16
11	19	Na	12929.39	10.535
12	19	Mg	31828.389	50.001
5	20	B	68450#	800#
6	20	C	37503.563	230.625
7	20	N	21766.496	78.894
8	20	O	3796.172	0.885
9	20	F	-17.463	0.03
10	20	Ne	-7041.93055	0.00157
11	20	Na	6850.604	1.114
12	20	Mg	17477.692	1.863
5	21	B	77330#	900#
6	21	C	45643#	596#
7	21	N	25231.913	134.048
8	21	O	8062.035	12
9	21	F	-47.605	1.8
10	21	Ne	-5731.776	0.038
11	21	Na	-2184.631	0.098
12	21	Mg	10903.85	0.755
13	21	Al	26990#	596#
6	22	C	53611.197	231.49
7	22	N	31764.801	207.779
8	22	O	9283.033	56.921
9	22	F	2793.373	12.399
10	22	Ne	-8024.719	0.018
11	22	Na	-5181.511	0.171
12	22	Mg	-399.933	0.313
13	22	Al	18201#	401#
14	22	Si	33338#	503#
6	23	C	64171#	997#
7	23	N	36720.425	420.57
8	23	O	14621.369	121.712
9	23	F	3285.263	33.32
10	23	Ne	-5154.049	0.104
11	23	Na	-9529.85248	0.00181
12	23	Mg	-5473.513	0.158
13	23	Al	6748.07	0.345
14	23	Si	23697#	503#
7	24	N	46938#	401#
8	24	O	18500.402	164.874
9	24	F	7544.515	97.67
10	24	Ne	-5951.646	0.513
11	24	Na	-8417.901	0.017
12	24	Mg	-13933.569	0.013
13	24	Al	-48.865	0.233
14	24	Si	10745.195	19.472
15	24	P	33320#	503#
7	25	N	55983#	503#
8	25	O	27329.027	165.084
9	25	F	11334.166	96.442
10	25	Ne	-2035.502	29.045
11	25	Na	-9357.813	1.2
12	25	Mg	-13192.783	0.047
13	25	Al	-8915.975	0.065
14	25	Si	3827.324	10
15	25	P	19738#	401#
8	26	O	34661.037	164.95
9	26	F	18648.875	111.199
10	26	Ne	481.114	18.429
11	26	Na	-6860.78	3.502
12	26	Mg	-16214.542	0.03
13	26	Al	-12210.151	0.067
14	26	Si	-7141.015	0.108
15	26	P	10973#	196#
16	26	S	27079#	596#
8	27	O	44670#	500#
9	27	F	25450.279	389.83
10	27	Ne	7050.909	90.77
11	27	Na	-5517.79	3.726
12	27	Mg	-14586.611	0.05
13	27	Al	-17196.861	0.047
14	27	Si	-12384.503	0.107
15	27	P	-722.458	26.34
16	27	S	17028#	401#
8	28	O	52080#	699#
9	28	F	33741.596	393.024
10	28	Ne	11299.737	126.068
11	28	Na	-988.315	10.246
12	28	Mg	-15018.845	2.001
13	28	Al	-16850.645	0.077
14	28	Si	-21492.7943	0.00049
15	28	P	-7147.74	1.152
16	28	S	4073.206	160
17	28	Cl	27516#	596#
9	29	F	40150.186	525.363
10	29	Ne	18399.801	149.505
11	29	Na	2679.994	7.337
12	29	Mg	-10602.829	11.4
13	29	Al	-18207.76	0.345
14	29	Si	-21895.07838	0.00056
15	29	P	-16952.848	0.359
16	29	S	-3156.416	50
17	29	Cl	13162.176	188.68
9	30	F	48112#	596#
10	30	Ne	23280.117	253.25
11	30	Na	8474.67	4.727
12	30	Mg	-8883.82	3.447
13	30	Al	-15864.844	2.888
14	30	Si	-24432.96	0.022
15	30	P	-20200.854	0.065
16	30	S	-14059.253	0.206
17	30	Cl	4443#	196#
18	30	Ar	20931.147	206.155
9	31	F	56143#	546#
10	31	Ne	31181.591	266.195
11	31	Na	12246.031	13.972
12	31	Mg	-3122.151	3.074
13	31	Al	-14950.706	2.236
14	31	Si	-22949.036	0.043
15	31	P	-24440.54095	0.00067
16	31	S	-19042.525	0.229
17	31	Cl	-7034.551	3.447
18	31	Ar	11325#	200#
10	32	Ne	36999#	503#
11	32	Na	18640.151	37.26
12	32	Mg	-828.9	3.26
13	32	Al	-11099.367	7.173
14	32	Si	-24077.686	0.298
15	32	P	-24304.874	0.04
16	32	S	-26015.53355	0.00132
17	32	Cl	-13334.674	0.562
18	32	Ar	-2200.351	1.77
19	32	K	21098#	401#
10	33	Ne	45997#	596#
11	33	Na	23780.11	449.912
12	33	Mg	4962.297	2.888
13	33	Al	-8497.38	6.986
14	33	Si	-20514.325	0.699
15	33	P	-26337.346	1.09
16	33	S	-26585.85434	0.00135
17	33	Cl	-21003.337	0.391
18	33	Ar	-9384.292	0.401
19	33	K	7042#	196#
10	34	Ne	52842#	513#
11	34	Na	31680.111	599.416
12	34	Mg	8323.348	28.876
13	34	Al	-3000.289	3.074
14	34	Si	-19956.852	14.118
15	34	P	-24548.698	0.81
16	34	S	-29931.685	0.045
17	34	Cl	-24440.082	0.049
18	34	Ar	-18378.29	0.078
19	34	K	-1220#	196#
20	34	Ca	13851#	298#
11	35	Na	38231#	670#
12	35	Mg	15639.784	269.668
13	35	Al	-223.728	7.359
14	35	Si	-14391.457	35.857
15	35	P	-24857.799	1.866
16	35	S	-28846.206	0.04
17	35	Cl	-29013.528	0.035
18	35	Ar	-23047.284	0.68
19	35	K	-11172.891	0.512
20	35	Ca	4788#	196#
11	36	Na	46303#	678#
12	36	Mg	20380.157	690.237
13	36	Al	5950.384	149.505
14	36	Si	-12436.124	71.797
15	36	P	-20251.034	13.114
16	36	S	-30664.131	0.188
17	36	Cl	-29522.005	0.036
18	36	Ar	-30231.54	0.027
19	36	K	-17417.065	0.341
20	36	Ca	-6451.149	40
21	36	Sc	15351#	298#
11	37	Na	53534#	687#
12	37	Mg	28211.474	698.947
13	37	Al	9809.563	180.244
14	37	Si	-6571.511	113.809
15	37	P	-18995.998	37.948
16	37	S	-26896.417	0.198
17	37	Cl	-31761.538	0.052
18	37	Ar	-30947.664	0.207
19	37	K	-24800.199	0.094
20	37	Ca	-13136.066	0.634
21	37	Sc	3520#	300#
12	38	Mg	34074#	503#
13	38	Al	16209.859	374.461
14	38	Si	-4170.299	104.793
15	38	P	-14621.563	72.581
16	38	S	-26861.203	7.172
17	38	Cl	-29798.103	0.098
18	38	Ar	-34714.821	0.195
19	38	K	-28800.755	0.195
20	38	Ca	-22058.499	0.194
21	38	Sc	-4249#	200#
22	38	Ti	10870#	300#
12	39	Mg	42275#	513#
13	39	Al	20650#	400#
14	39	Si	2320.352	135.532
15	39	P	-12774.634	112.645
16	39	S	-23162.667	50
17	39	Cl	-29800.205	1.732
18	39	Ar	-33242.19	5
19	39	K	-33807.1901	0.00458
20	39	Ca	-27282.702	0.596
21	39	Sc	-14172.709	24
22	39	Ti	2200#	200#
12	40	Mg	48350#	500#
13	40	Al	27590#	400#
14	40	Si	5429.679	345.119
15	40	P	-8114.37	153.582
16	40	S	-22837.846	3.982
17	40	Cl	-27557.813	32.066
18	40	Ar	-35039.89464	0.00224
19	40	K	-33535.492	0.056
20	40	Ca	-34846.384	0.021
21	40	Sc	-20523.335	2.828
22	40	Ti	-8850.384	160
23	40	V	12170#	300#
13	41	Al	33420#	500#
14	41	Si	12119.668	554.705
15	41	P	-4979.767	120.163
16	41	S	-19008.577	4.099
17	41	Cl	-27307.189	68.723
18	41	Ar	-33067.505	0.347
19	41	K	-35559.54331	0.0038
20	41	Ca	-35137.89	0.138
21	41	Sc	-28642.412	0.083
22	41	Ti	-15697.537	27.945
23	41	V	320#	200#
13	42	Al	40100#	600#
14	42	Si	16470#	500#
15	42	P	1009.74	314.379
16	42	S	-17637.746	2.794
17	42	Cl	-24831.767	59.616
18	42	Ar	-34422.675	5.775
19	42	K	-35022.026	0.106
20	42	Ca	-38547.245	0.149
21	42	Sc	-32121.153	0.169
22	42	Ti	-25104.674	0.277
23	42	V	-7620#	196#
24	42	Cr	6730#	400#
13	43	Al	47020#	800#
14	43	Si	23101#	596#
15	43	P	4679.826	554.705
16	43	S	-12195.459	4.97
17	43	Cl	-24159.508	61.858
18	43	Ar	-32009.808	5.31
19	43	K	-36575.389	0.41
20	43	Ca	-38408.822	0.228
21	43	Sc	-36188.102	1.863
22	43	Ti	-29321.082	7.245
23	43	V	-17916.356	42.849
24	43	Cr	-1970#	400#
14	44	Si	28513#	596#
15	44	P	10450#	500#
16	44	S	-9204.233	5.216
17	44	Cl	-20384.523	136.321
18	44	Ar	-32673.255	1.584
19	44	K	-35781.492	0.419
20	44	Ca	-41468.675	0.325
21	44	Sc	-37815.985	1.756
22	44	Ti	-37548.569	0.7
23	44	V	-24116.38	181.641
24	44	Cr	-13360#	300#
25	44	Mn	7030#	500#
14	45	Si	37490#	700#
15	45	P	15600#	500#
16	45	S	-3989.589	1035.356
17	45	Cl	-18262.543	136.163
18	45	Ar	-29770.796	0.512
19	45	K	-36615.638	0.522
20	45	Ca	-40812.174	0.366
21	45	Sc	-41071.896	0.675
22	45	Ti	-39009.84	0.845
23	45	V	-31886.016	0.872
24	45	Cr	-19514.799	35.397
25	45	Mn	-5250#	400#
26	45	Fe	13762#	400#
15	46	P	22970#	700#
16	46	S	340#	500#
17	46	Cl	-13859.398	208.661
18	46	Ar	-29772.926	1.118
19	46	K	-35413.924	0.727
20	46	Ca	-43139.361	2.235
21	46	Sc	-41761.219	0.683
22	46	Ti	-44127.799	0.165
23	46	V	-37075.351	0.202
24	46	Cr	-29471.567	11.453
25	46	Mn	-12570#	400#
26	46	Fe	910#	500#
15	47	P	29710#	800#
16	47	S	7370#	500#
17	47	Cl	-9780#	400#
18	47	Ar	-25366.338	1.118
19	47	K	-35711.976	1.397
20	47	Ca	-42344.418	2.222
21	47	Sc	-44336.595	1.933
22	47	Ti	-44937.364	0.115
23	47	V	-42006.618	0.169
24	47	Cr	-34562.578	6.03
25	47	Mn	-22566.374	31.671
26	47	Fe	-6870#	500#
27	47	Co	10370#	600#
16	48	S	12761#	596#
17	48	Cl	-4280#	500#
18	48	Ar	-22281.337	307.393
19	48	K	-32284.477	0.773
20	48	Ca	-44224.629	0.096
21	48	Sc	-44503.842	4.951
22	48	Ti	-48492.709	0.109
23	48	V	-44477.694	0.975
24	48	Cr	-42822.02	7.324
25	48	Mn	-29296.338	6.939
26	48	Fe	-18000#	400#
27	48	Co	1500#	500#
28	48	Ni	16793#	502#
16	49	S	21093#	667#
17	49	Cl	940#	600#
18	49	Ar	-17190#	400#
19	49	K	-29611.49	0.801
20	49	Ca	-41299.765	0.201
21	49	Sc	-46561.265	2.698
22	49	Ti	-48563.787	0.114
23	49	V	-47961.931	0.828
24	49	Cr	-45333.06	2.243
25	49	Mn	-37620.634	2.255
26	49	Fe	-24750.727	24.219
27	49	Co	-9880#	500#
28	49	Ni	8200#	600#
17	50	Cl	7740#	600#
18	50	Ar	-13330#	500#
19	50	K	-25727.848	7.731
20	50	Ca	-39589.224	1.584
21	50	Sc	-44547.382	15
22	50	Ti	-51431.66	0.121
23	50	V	-49224.013	0.409
24	50	Cr	-50262.072	0.437
25	50	Mn	-42627.595	0.442
26	50	Fe	-34476.456	8.383
27	50	Co	-17630#	400#
28	50	Ni	-4120#	500#
17	51	Cl	14290#	700#
18	51	Ar	-6690#	600#
19	51	K	-22516.196	13.047
20	51	Ca	-36332.304	0.522
21	51	Sc	-43228.684	20
22	51	Ti	-49732.837	0.505
23	51	V	-52203.842	0.401
24	51	Cr	-51451.395	0.4
25	51	Mn	-48243.877	0.502
26	51	Fe	-40202.555	8.964
27	51	Co	-27342.143	48.438
28	51	Ni	-11900#	500#
18	52	Ar	-1280#	600#
19	52	K	-17137.627	33.534
20	52	Ca	-34266.266	0.671
21	52	Sc	-40443.279	81.852
22	52	Ti	-49469.82	7.072
23	52	V	-51443.769	0.42
24	52	Cr	-55419.242	0.34
25	52	Mn	-50707.284	1.845
26	52	Fe	-48330.363	5.117
27	52	Co	-34360.951	8.383
28	52	Ni	-22330#	400#
29	52	Cu	-2280#	600#
18	53	Ar	6791#	699#
19	53	K	-12295.721	111.779
20	53	Ca	-29387.704	43.78
21	53	Sc	-38906.808	94.087
22	53	Ti	-46831.061	100.049
23	53	V	-51851.061	3.12
24	53	Cr	-55286.999	0.348
25	53	Mn	-54690.116	0.45
26	53	Fe	-50947.53	1.656
27	53	Co	-42659.428	1.713
28	53	Ni	-29630.824	25.15
29	53	Cu	-13270#	500#
19	54	K	-5002#	596#
20	54	Ca	-25160.585	48.438
21	54	Sc	-33890.9	272.8
22	54	Ti	-45621.981	82.461
23	54	V	-49893.173	15.004
24	54	Cr	-56934.765	0.353
25	54	Mn	-55557.629	1.059
26	54	Fe	-56254.5	0.372
27	54	Co	-48009.953	0.383
28	54	Ni	-39278.308	4.657
29	54	Cu	-21410#	400#
30	54	Zn	-6272#	400#
19	55	K	708#	699#
20	55	Ca	-18350#	300#
21	55	Sc	-30159.352	454.342
22	55	Ti	-41668.088	161.602
23	55	V	-49144.586	95.104
24	55	Cr	-55109.71	0.399
25	55	Mn	-57712.413	0.303
26	55	Fe	-57481.3	0.342
27	55	Co	-54029.883	0.428
28	55	Ni	-45335.849	0.719
29	55	Cu	-31635.399	155.559
30	55	Zn	-14570#	400#
19	56	K	7927#	801#
20	56	Ca	-13898#	400#
21	56	Sc	-24852.26	586.841
22	56	Ti	-39320.048	121.247
23	56	V	-46154.881	176.898
24	56	Cr	-55285.001	0.603
25	56	Mn	-56911.538	0.331
26	56	Fe	-60607.082	0.302
27	56	Co	-56040.402	0.493
28	56	Ni	-53907.539	0.422
29	56	Cu	-38643.029	14.904
30	56	Zn	-25390#	400#
31	56	Ga	-3390#	500#
20	57	Ca	-6874#	400#
21	57	Sc	-20995.875	1304.092
22	57	Ti	-33915.633	256.417
23	57	V	-44413.45	80.479
24	57	Cr	-52524.702	1.068
25	57	Mn	-57486.251	1.505
26	57	Fe	-60181.839	0.304
27	57	Co	-59345.564	0.533
28	57	Ni	-56083.833	0.582
29	57	Cu	-47308.886	0.519
30	57	Zn	-32550#	200#
31	57	Ga	-15010#	400#
20	58	Ca	-1919#	500#
21	58	Sc	-14876#	400#
22	58	Ti	-31110#	200#
23	58	V	-40401.753	89.374
24	58	Cr	-51991.801	1.49
25	58	Mn	-55827.56	2.701
26	58	Fe	-62155.113	0.343
27	58	Co	-59847.158	1.16
28	58	Ni	-60228.744	0.373
29	58	Cu	-51667.725	0.578
30	58	Zn	-42298.744	50.001
31	58	Ga	-23540#	300#
32	58	Ge	-7080#	500#
21	59	Sc	-10302#	400#
22	59	Ti	-25510#	200#
23	59	V	-37832.015	161.874
24	59	Cr	-48085.76	216.367
25	59	Mn	-55525.32	2.329
26	59	Fe	-60664.805	0.355
27	59	Co	-62229.709	0.418
28	59	Ni	-61156.707	0.374
29	59	Cu	-56358.327	0.544
30	59	Zn	-47215.551	0.771
31	59	Ga	-33760#	170#
32	59	Ge	-15870#	400#
21	60	Sc	-4052#	500#
22	60	Ti	-22330#	300#
23	60	V	-33241.956	220.159
24	60	Cr	-46669.576	193.593
25	60	Mn	-52967.938	2.329
26	60	Fe	-61413.017	3.409
27	60	Co	-61650.309	0.424
28	60	Ni	-64473.118	0.376
29	60	Cu	-58345.137	1.618
30	60	Zn	-54174.34	0.564
31	60	Ga	-39590#	200#
32	60	Ge	-27090#	300#
33	60	As	-5470#	400#
21	61	Sc	931#	600#
22	61	Ti	-16350#	400#
23	61	V	-30506.429	894.234
24	61	Cr	-42475.229	101.341
25	61	Mn	-51742.122	2.329
26	61	Fe	-58920.494	2.608
27	61	Co	-62898.066	0.846
28	61	Ni	-64221.905	0.378
29	61	Cu	-61984.059	0.953
30	61	Zn	-56348.903	15.899
31	61	Ga	-47134.659	37.994
32	61	Ge	-33360#	300#
33	61	As	-16900#	300#
22	62	Ti	-12500#	400#
23	62	V	-25476#	298#
24	62	Cr	-40894.961	148.099
25	62	Mn	-48523.957	6.542
26	62	Fe	-58878.048	2.794
27	62	Co	-61424.282	18.575
28	62	Ni	-66746.323	0.439
29	62	Cu	-62787.426	0.647
30	62	Zn	-61167.972	0.625
31	62	Ga	-51986.906	0.647
32	62	Ge	-41740#	140#
33	62	As	-24320#	300#
22	63	Ti	-5750#	500#
23	63	V	-21890#	400#
24	63	Cr	-36007.474	358.073
25	63	Mn	-46887.053	3.726
26	63	Fe	-55635.621	4.302
27	63	Co	-61851.44	18.575
28	63	Ni	-65512.775	0.44
29	63	Cu	-65579.752	0.44
30	63	Zn	-62213.397	1.561
31	63	Ga	-56547.093	1.304
32	63	Ge	-46921.216	37.26
33	63	As	-33500#	200#
22	64	Ti	-1025#	600#
23	64	V	-16320#	400#
24	64	Cr	-33479.757	439.665
25	64	Mn	-42989.035	3.54
26	64	Fe	-54969.544	5.017
27	64	Co	-59792.329	20.006
28	64	Ni	-67098.921	0.475
29	64	Cu	-65424.545	0.448
30	64	Zn	-66004.014	0.647
31	64	Ga	-58832.821	1.429
32	64	Ge	-54315.496	3.726
33	64	As	-39532#	203#
34	64	Se	-26700#	503#
23	65	V	-11780#	500#
24	65	Cr	-28220#	300#
25	65	Mn	-40967.339	3.726
26	65	Fe	-51217.895	5.112
27	65	Co	-59185.198	2.083
28	65	Ni	-65125.685	0.495
29	65	Cu	-67263.66	0.65
30	65	Zn	-65912.019	0.65
31	65	Ga	-62657.507	0.815
32	65	Ge	-56478.216	2.165
33	65	As	-46937.051	84.766
34	65	Se	-33020#	300#
23	66	V	-5610#	500#
24	66	Cr	-24720#	400#
25	66	Mn	-36750.387	11.178
26	66	Fe	-50067.839	4.099
27	66	Co	-56408.533	13.972
28	66	Ni	-66006.285	1.397
29	66	Cu	-66258.272	0.655
30	66	Zn	-68899.16	0.749
31	66	Ga	-63723.66	1.096
32	66	Ge	-61607.032	2.401
33	66	As	-52025.077	5.682
34	66	Se	-41660#	200#
23	67	V	-650#	600#
24	67	Cr	-18680#	400#
25	67	Mn	-33460#	300#
26	67	Fe	-45610.155	270.285
27	67	Co	-55321.775	6.443
28	67	Ni	-63742.68	2.888
29	67	Cu	-67319.513	0.894
30	67	Zn	-67880.313	0.76
31	67	Ga	-66879.048	1.181
32	67	Ge	-62658.23	4.661
33	67	As	-56587.225	0.443
34	67	Se	-46580.289	67.068
35	67	Br	-32790#	400#
24	68	Cr	-14800#	500#
25	68	Mn	-28380#	400#
26	68	Fe	-43486.914	365.259
27	68	Co	-51930.665	189.497
28	68	Ni	-63463.814	2.981
29	68	Cu	-65567.035	1.584
30	68	Zn	-70007.092	0.784
31	68	Ga	-67085.992	1.433
32	68	Ge	-66978.789	1.876
33	68	As	-58894.519	1.846
34	68	Se	-54189.441	0.496
35	68	Br	-38791#	259#
24	69	Cr	-8580#	500#
25	69	Mn	-24770#	400#
26	69	Fe	-39030#	400#
27	69	Co	-50279.157	140.506
28	69	Ni	-59978.648	3.726
29	69	Cu	-65736.213	1.397
30	69	Zn	-68417.845	0.8
31	69	Ga	-69327.809	1.197
32	69	Ge	-67100.663	1.318
33	69	As	-63112.171	31.999
34	69	Se	-56434.706	1.49
35	69	Br	-46259.47	42.003
36	69	Kr	-32435#	401#
24	70	Cr	-4480#	600#
25	70	Mn	-19500#	500#
26	70	Fe	-36510#	400#
27	70	Co	-46630#	300#
28	70	Ni	-59213.86	2.144
29	70	Cu	-62976.373	1.082
30	70	Zn	-69564.735	1.918
31	70	Ga	-68910.14	1.201
32	70	Ge	-70561.876	0.838
33	70	As	-64341.876	50.007
34	70	Se	-61929.891	1.584
35	70	Br	-51425.619	14.904
36	70	Kr	-41100#	200#
25	71	Mn	-15570#	500#
26	71	Fe	-31430#	400#
27	71	Co	-44369.926	465.03
28	71	Ni	-55406.228	2.237
29	71	Cu	-62711.127	1.49
30	71	Zn	-67328.777	2.654
31	71	Ga	-70139.135	0.812
32	71	Ge	-69906.497	0.834
33	71	As	-67893.097	4.167
34	71	Se	-63146.507	2.794
35	71	Br	-56502.418	5.402
36	71	Kr	-46327.205	128.769
37	71	Rb	-32060#	400#
25	72	Mn	-9900#	600#
26	72	Fe	-28430#	500#
27	72	Co	-40200#	400#
28	72	Ni	-54226.06	2.237
29	72	Cu	-59782.999	1.397
30	72	Zn	-68145.486	2.142
31	72	Ga	-68588.293	0.819
32	72	Ge	-72585.9	0.076
33	72	As	-68229.798	4.083
34	72	Se	-67868.18	1.956
35	72	Br	-59061.743	1.025
36	72	Kr	-53940.575	8.011
37	72	Rb	-38330#	500#
26	73	Fe	-22900#	500#
27	73	Co	-37418#	400#
28	73	Ni	-50108.152	2.423
29	73	Cu	-58987.437	1.942
30	73	Zn	-65593.402	1.863
31	73	Ga	-69699.335	1.677
32	73	Ge	-71297.523	0.057
33	73	As	-70952.747	3.853
34	73	Se	-68227.387	7.424
35	73	Br	-63647.475	7.266
36	73	Kr	-56551.751	6.578
37	73	Rb	-46082#	200#
38	73	Sr	-31950#	401#
26	74	Fe	-19590#	600#
27	74	Co	-32820#	500#
28	74	Ni	-48456#	196#
29	74	Cu	-56006.205	6.148
30	74	Zn	-65756.712	2.515
31	74	Ga	-68049.617	2.994
32	74	Ge	-73422.442	0.013
33	74	As	-70860.054	1.693
34	74	Se	-72213.201	0.015
35	74	Br	-65288.153	5.835
36	74	Kr	-62331.836	2.013
37	74	Rb	-51916.009	3.027
38	74	Sr	-40827#	100#
26	75	Fe	-13640#	600#
27	75	Co	-29649#	500#
28	75	Ni	-44030#	300#
29	75	Cu	-54471.341	2.33
30	75	Zn	-62558.908	1.956
31	75	Ga	-68464.58	2.422
32	75	Ge	-71856.965	0.052
33	75	As	-73034.195	0.884
34	75	Se	-72169.481	0.073
35	75	Br	-69107.009	4.285
36	75	Kr	-64323.624	8.104
37	75	Rb	-57218.694	1.18
38	75	Sr	-46618.694	220.003
39	75	Y	-31820#	300#
27	76	Co	-24510#	600#
28	76	Ni	-41630#	400#
29	76	Cu	-50975.985	6.707
30	76	Zn	-62303.016	1.456
31	76	Ga	-66296.64	1.956
32	76	Ge	-73212.889	0.018
33	76	As	-72291.377	0.886
34	76	Se	-75251.95	0.016
35	76	Br	-70289.068	9.322
36	76	Kr	-69013.714	4.013
37	76	Rb	-60479.081	0.938
38	76	Sr	-54247.639	34.465
39	76	Y	-38480#	300#
27	77	Co	-21015#	600#
28	77	Ni	-36800#	500#
29	77	Cu	-48624#	149#
30	77	Zn	-58789.195	1.973
31	77	Ga	-65992.344	2.422
32	77	Ge	-71212.862	0.053
33	77	As	-73916.318	1.693
34	77	Se	-74599.488	0.062
35	77	Br	-73234.809	2.811
36	77	Kr	-70169.443	1.956
37	77	Rb	-64830.492	1.304
38	77	Sr	-57803.436	7.918
39	77	Y	-46439#	203#
40	77	Zr	-32040#	400#
28	78	Ni	-33890#	600#
29	78	Cu	-44497.469	503.007
30	78	Zn	-57483.235	1.944
31	78	Ga	-63705.95	1.903
32	78	Ge	-71862.05	3.536
33	78	As	-72816.94	9.781
34	78	Se	-77025.944	0.179
35	78	Br	-73452.16	3.58
36	78	Kr	-74178.275	0.307
37	78	Rb	-66935.419	3.237
38	78	Sr	-63173.941	7.452
39	78	Y	-52173#	298#
40	78	Zr	-40850#	400#
28	79	Ni	-27570#	600#
29	79	Cu	-41740#	300#
30	79	Zn	-53432.295	2.225
31	79	Ga	-62547.679	1.868
32	79	Ge	-69526.592	37.181
33	79	As	-73636.049	5.328
34	79	Se	-75917.459	0.223
35	79	Br	-76068.035	1.021
36	79	Kr	-74442.257	3.486
37	79	Rb	-70802.985	2.142
38	79	Sr	-65476.889	8.383
39	79	Y	-57817.833	79.177
40	79	Zr	-46770#	300#
41	79	Nb	-31650#	500#
28	80	Ni	-22630#	700#
29	80	Cu	-36200#	400#
30	80	Zn	-51648.612	2.585
31	80	Ga	-59223.667	2.891
32	80	Ge	-69535.306	2.054
33	80	As	-72214.493	3.333
34	80	Se	-77759.457	0.963
35	80	Br	-75888.993	1.012
36	80	Kr	-77893.346	0.691
37	80	Rb	-72175.467	1.863
38	80	Sr	-70311.459	3.464
39	80	Y	-61148.152	6.242
40	80	Zr	-54360#	300#
41	80	Nb	-38420#	400#
29	81	Cu	-31420#	500#
30	81	Zn	-46199.663	5.03
31	81	Ga	-57627.954	3.264
32	81	Ge	-66291.687	2.055
33	81	As	-72533.304	2.644
34	81	Se	-76388.988	0.992
35	81	Br	-77977.034	0.978
36	81	Kr	-77696.181	1.074
37	81	Rb	-75456.67	4.904
38	81	Sr	-71528.125	3.128
39	81	Y	-65712.912	5.405
40	81	Zr	-57460.139	94.081
41	81	Nb	-46360#	400#
42	81	Mo	-31750#	500#
29	82	Cu	-25320#	600#
30	82	Zn	-42313.954	3.074
31	82	Ga	-52930.719	2.426
32	82	Ge	-65415.067	2.241
33	82	As	-70105.419	3.729
34	82	Se	-77593.882	0.467
35	82	Br	-77498.661	0.971
36	82	Kr	-80591.78515	0.00549
37	82	Rb	-76187.803	3.009
38	82	Sr	-76010.053	5.992
39	82	Y	-68064.091	5.499
40	82	Zr	-63631.287	11.178
41	82	Nb	-52090#	300#
42	82	Mo	-40370#	400#
30	83	Zn	-36290#	300#
31	83	Ga	-49257.122	2.613
32	83	Ge	-60976.435	2.427
33	83	As	-69669.323	2.799
34	83	Se	-75340.53	3.036
35	83	Br	-79013.709	3.795
36	83	Kr	-79990.633	0.009
37	83	Rb	-79070.63	2.329
38	83	Sr	-76797.606	6.834
39	83	Y	-72205.665	18.631
40	83	Zr	-65911.654	6.43
41	83	Nb	-57556.083	150.902
42	83	Mo	-46340#	401#
43	83	Tc	-31320#	500#
30	84	Zn	-31930#	400#
31	84	Ga	-44088#	200#
32	84	Ge	-58148.428	3.171
33	84	As	-65853.56	3.171
34	84	Se	-75947.721	1.961
35	84	Br	-77783.084	25.73
36	84	Kr	-82439.3351	0.00379
37	84	Rb	-79758.964	2.194
38	84	Sr	-80649.57	1.243
39	84	Y	-73894.431	4.299
40	84	Zr	-71421.686	5.499
41	84	Nb	-61218.717	13.041
42	84	Mo	-54170#	298#
43	84	Tc	-37700#	400#
30	85	Zn	-25230#	500#
31	85	Ga	-39849#	298#
32	85	Ge	-53123.42	3.729
33	85	As	-63189.144	3.078
34	85	Se	-72413.636	2.613
35	85	Br	-78575.469	3.078
36	85	Kr	-81480.331	2
37	85	Rb	-82167.3305	0.00498
38	85	Sr	-81103.28	2.813
39	85	Y	-77842.123	18.965
40	85	Zr	-73175.189	6.43
41	85	Nb	-66279.676	4.099
42	85	Mo	-57509.753	15.835
43	85	Tc	-45850#	400#
44	85	Ru	-30950#	500#
31	86	Ga	-34080#	400#
32	86	Ge	-49399.922	437.802
33	86	As	-58962.142	3.45
34	86	Se	-70503.167	2.52
35	86	Br	-75632.252	3.078
36	86	Kr	-83265.66564	0.00369
37	86	Rb	-82746.993	0.2
38	86	Sr	-84523.08935	0.00522
39	86	Y	-79283.089	14.142
40	86	Zr	-77969.014	3.566
41	86	Nb	-69134.054	5.499
42	86	Mo	-64110.245	3.726
43	86	Tc	-51570#	300#
44	86	Ru	-39770#	400#
31	87	Ga	-29250#	500#
32	87	Ge	-44078#	300#
33	87	As	-55617.907	2.985
34	87	Se	-66426.125	2.241
35	87	Br	-73891.676	3.171
36	87	Kr	-80709.522	0.246
37	87	Rb	-84597.791	0.006
38	87	Sr	-84880.06595	0.0051
39	87	Y	-83018.376	1.128
40	87	Zr	-79347.137	4.146
41	87	Nb	-73874.486	6.802
42	87	Mo	-66884.808	2.857
43	87	Tc	-57690.044	4.192
44	87	Ru	-45520#	400#
32	88	Ge	-40138#	400#
33	88	As	-50720#	196#
34	88	Se	-63884.195	3.357
35	88	Br	-70715.959	3.171
36	88	Kr	-79691.286	2.608
37	88	Rb	-82608.995	0.159
38	88	Sr	-87921.61793	0.00558
39	88	Y	-84299.018	1.5
40	88	Zr	-83628.871	5.403
41	88	Nb	-76173.586	58.81
42	88	Mo	-72686.544	3.819
43	88	Tc	-61681.315	149.039
44	88	Ru	-54340#	300#
45	88	Rh	-36860#	400#
32	89	Ge	-33729#	400#
33	89	As	-46798#	298#
34	89	Se	-58992.391	3.729
35	89	Br	-68274.263	3.264
36	89	Kr	-76535.785	2.142
37	89	Rb	-81712.388	5.427
38	89	Sr	-86209.017	0.092
39	89	Y	-87708.352	1.612
40	89	Zr	-84875.561	3.083
41	89	Nb	-80625.209	23.631
42	89	Mo	-75014.935	3.912
43	89	Tc	-67394.848	3.819
44	89	Ru	-58260#	298#
45	89	Rh	-45861#	361#
32	90	Ge	-29221#	500#
33	90	As	-41330#	400#
34	90	Se	-55800.217	329.749
35	90	Br	-64000.298	3.357
36	90	Kr	-74959.25	1.863
37	90	Rb	-79364.404	6.484
38	90	Sr	-85948.127	2.124
39	90	Y	-86494.062	1.611
40	90	Zr	-88772.535	0.118
41	90	Nb	-82661.519	3.317
42	90	Mo	-80172.503	3.463
43	90	Tc	-70724.687	1.025
44	90	Ru	-64883.792	3.73
45	90	Rh	-51700#	300#
46	90	Pd	-39710#	400#
33	91	As	-36896#	400#
34	91	Se	-50580.124	433.145
35	91	Br	-61107.294	3.544
36	91	Kr	-70973.965	2.236
37	91	Rb	-77745.037	7.801
38	91	Sr	-83651.927	5.453
39	91	Y	-86351.295	1.843
40	91	Zr	-87895.566	0.105
41	91	Nb	-86638.001	2.926
42	91	Mo	-82208.821	6.238
43	91	Tc	-75986.646	2.363
44	91	Ru	-68239.823	2.221
45	91	Rh	-58570#	298#
46	91	Pd	-45930#	401#
33	92	As	-30981#	500#
34	92	Se	-46724#	400#
35	92	Br	-56232.805	6.709
36	92	Kr	-68769.32	2.701
37	92	Rb	-74772.438	6.123
38	92	Sr	-82867.361	3.423
39	92	Y	-84816.492	9.127
40	92	Zr	-88459.028	0.102
41	92	Nb	-86453.292	1.785
42	92	Mo	-86808.576	0.157
43	92	Tc	-78925.693	3.102
44	92	Ru	-74301.201	2.718
45	92	Rh	-62999.087	4.378
46	92	Pd	-54580#	300#
47	92	Ag	-37130#	500#
34	93	Se	-40716#	400#
35	93	Br	-52890.23	430.816
36	93	Kr	-64135.994	2.515
37	93	Rb	-72619.901	7.83
38	93	Sr	-80085.838	7.554
39	93	Y	-84227.157	10.488
40	93	Zr	-87122.032	0.457
41	93	Nb	-87212.838	1.491
42	93	Mo	-86807.069	0.181
43	93	Tc	-83606.106	1.012
44	93	Ru	-77216.713	2.065
45	93	Rh	-69011.8	2.629
46	93	Pd	-59001#	300#
47	93	Ag	-46267#	401#
34	94	Se	-36803#	500#
35	94	Br	-47400#	300#
36	94	Kr	-61347.772	12.109
37	94	Rb	-68562.785	2.029
38	94	Sr	-78845.711	1.663
39	94	Y	-82351.463	6.38
40	94	Zr	-87269.322	0.164
41	94	Nb	-86369.062	1.491
42	94	Mo	-88414.065	0.141
43	94	Tc	-84158.317	4.071
44	94	Ru	-82583.591	3.143
45	94	Rh	-72907.613	3.379
46	94	Pd	-66102.268	4.287
47	94	Ag	-52410#	400#
48	94	Cd	-40140#	500#
34	95	Se	-30460#	500#
35	95	Br	-43771#	298#
36	95	Kr	-56158.913	18.63
37	95	Rb	-65891.493	20.245
38	95	Sr	-75119.551	5.812
39	95	Y	-81208.848	6.779
40	95	Zr	-85659.94	0.869
41	95	Nb	-86786.258	0.508
42	95	Mo	-87711.858	0.123
43	95	Tc	-86021.341	5.08
44	95	Ru	-83457.745	9.502
45	95	Rh	-78340.606	3.886
46	95	Pd	-69965.9	3.031
47	95	Ag	-59597#	298#
48	95	Cd	-46631#	401#
35	96	Br	-38163#	298#
36	96	Kr	-53079.678	20.493
37	96	Rb	-61354.349	3.353
38	96	Sr	-72924.157	8.475
39	96	Y	-78335.895	6.088
40	96	Zr	-85438.846	0.114
41	96	Nb	-85602.816	0.147
42	96	Mo	-88794.876	0.12
43	96	Tc	-85821.634	5.146
44	96	Ru	-86080.372	0.17
45	96	Rh	-79687.718	10.001
46	96	Pd	-76183.406	4.194
47	96	Ag	-64511.636	90.084
48	96	Cd	-55573#	401#
49	96	In	-37890#	500#
35	97	Br	-34055#	401#
36	97	Kr	-47423.492	130.409
37	97	Rb	-58519.137	1.912
38	97	Sr	-68581.454	3.385
39	97	Y	-76121.424	6.719
40	97	Zr	-82942.661	0.414
41	97	Nb	-85605.776	4.249
42	97	Mo	-87544.691	0.165
43	97	Tc	-87224.424	4.118
44	97	Ru	-86120.552	2.763
45	97	Rh	-82597.552	35.463
46	97	Pd	-77805.843	4.844
47	97	Ag	-70825.843	110.107
48	97	Cd	-60454#	298#
49	97	In	-47189#	401#
35	98	Br	-28250#	400#
36	98	Kr	-44311#	298#
37	98	Rb	-54369.146	16.083
38	98	Sr	-66423.104	3.226
39	98	Y	-72294.777	7.929
40	98	Zr	-81286.709	8.451
41	98	Nb	-83524.598	5.001
42	98	Mo	-88115.972	0.174
43	98	Tc	-86432.205	3.38
44	98	Ru	-88224.858	6.463
45	98	Rh	-83175.205	11.906
46	98	Pd	-81320.975	4.742
47	98	Ag	-73066.415	32.907
48	98	Cd	-67636.415	51.797
49	98	In	-53896#	298#
36	99	Kr	-38759#	401#
37	99	Rb	-51121.143	4.031
38	99	Sr	-62521.401	4.741
39	99	Y	-70649.825	6.627
40	99	Zr	-77620.617	10.502
41	99	Nb	-82335.341	12.004
42	99	Mo	-85970.098	0.229
43	99	Tc	-87327.862	0.908
44	99	Ru	-87625.381	0.344
45	99	Rh	-85581.3	6.697
46	99	Pd	-82182.651	4.981
47	99	Ag	-76712.473	6.265
48	99	Cd	-69931.123	1.584
49	99	In	-61376#	298#
50	99	Sn	-47944#	503#
36	100	Kr	-35052#	401#
37	100	Rb	-46247.064	19.561
38	100	Sr	-59820.903	7.16
39	100	Y	-67327.396	11.186
40	100	Zr	-76377.437	8.149
41	100	Nb	-79797.399	7.986
42	100	Mo	-86193.025	0.302
43	100	Tc	-86020.945	1.351
44	100	Ru	-89227.389	0.343
45	100	Rh	-85591.126	18.125
46	100	Pd	-85212.778	17.638
47	100	Ag	-78137.959	5
48	100	Cd	-74194.596	1.677
49	100	In	-64312.972	182.519
50	100	Sn	-57282.972	301.518
36	101	Kr	-29128#	503#
37	101	Rb	-42845#	200#
38	101	Sr	-55324.907	8.48
39	101	Y	-65061.002	7.092
40	101	Zr	-73165.957	8.339
41	101	Nb	-78891.491	3.749
42	101	Mo	-83519.949	0.309
43	101	Tc	-86344.594	24.004
44	101	Ru	-87958.114	0.415
45	101	Rh	-87412.416	5.841
46	101	Pd	-85432.132	4.588
47	101	Ag	-81334.374	4.838
48	101	Cd	-75836.456	1.49
49	101	In	-68614#	196#
50	101	Sn	-60305.626	300.005
37	102	Rb	-37707#	298#
38	102	Sr	-52159.304	67.068
39	102	Y	-61173.177	4.077
40	102	Zr	-71587.707	8.767
41	102	Nb	-76304.544	2.545
42	102	Mo	-83566.061	8.312
43	102	Tc	-84572.878	9.166
44	102	Ru	-89106.437	0.418
45	102	Rh	-86783.318	6.41
46	102	Pd	-87903.171	0.554
47	102	Ag	-82246.691	8.171
48	102	Cd	-79659.691	1.662
49	102	In	-70694.884	4.573
50	102	Sn	-64934.884	100.105
37	103	Rb	-33608#	401#
38	103	Sr	-47422#	196#
39	103	Y	-58457.575	11.204
40	103	Zr	-67815.334	9.232
41	103	Nb	-75028.671	3.935
42	103	Mo	-80960.67	9.232
43	103	Tc	-84603.867	9.81
44	103	Ru	-87267.171	0.443
45	103	Rh	-88031.708	2.301
46	103	Pd	-87457.189	0.95
47	103	Ag	-84802.692	4.099
48	103	Cd	-80651.616	1.811
49	103	In	-74632.591	9.625
50	103	Sn	-66972.591	70.659
51	103	Sb	-56178#	298#
38	104	Sr	-44106#	298#
39	104	Y	-54064#	401#
40	104	Zr	-65724.06	9.325
41	104	Nb	-71819.012	2.737
42	104	Mo	-80349.968	8.921
43	104	Tc	-82503.444	24.888
44	104	Ru	-88095.71	2.498
45	104	Rh	-86959.348	2.303
46	104	Pd	-89395.105	1.336
47	104	Ag	-85116.452	4.217
48	104	Cd	-83968.38	1.673
49	104	In	-76182.665	5.775
50	104	Sn	-71627.047	5.745
51	104	Sb	-59173.62	122.444
38	105	Sr	-38610#	503#
39	105	Y	-51270.361	1336.694
40	105	Zr	-61464.734	12.118
41	105	Nb	-69915.551	4.028
42	105	Mo	-77337.141	9.065
43	105	Tc	-82290.088	35.264
44	105	Ru	-85934.49	2.499
45	105	Rh	-87851.243	2.502
46	105	Pd	-88417.888	1.138
47	105	Ag	-87070.836	4.544
48	105	Cd	-84333.839	1.392
49	105	In	-79640.572	10.246
50	105	Sn	-73337.992	3.971
51	105	Sb	-64015.482	21.827
52	105	Te	-52811.51	300.02
38	106	Sr	-34790#	600#
39	106	Y	-46053#	503#
40	106	Zr	-58549.987	433.145
41	106	Nb	-66203.357	4.122
42	106	Mo	-76134.528	9.14
43	106	Tc	-79776.223	12.25
44	106	Ru	-86323.223	5.391
45	106	Rh	-86362.627	5.39
46	106	Pd	-89907.527	1.106
47	106	Ag	-86942.383	3.016
48	106	Cd	-87132.138	1.104
49	106	In	-80608.134	12.226
50	106	Sn	-77353.687	5.091
51	106	Sb	-66473.292	7.452
52	106	Te	-58219.748	100.541
38	107	Sr	-28900#	700#
39	107	Y	-42364#	503#
40	107	Zr	-54379.688	1122.45
41	107	Nb	-63723.81	8.023
42	107	Mo	-72551.56	9.233
43	107	Tc	-78749.914	8.673
44	107	Ru	-83862.512	8.673
45	107	Rh	-86863.703	12.051
46	107	Pd	-88372.639	1.201
47	107	Ag	-88406.67	2.382
48	107	Cd	-86990.261	1.665
49	107	In	-83564.261	11.125
50	107	Sn	-78512.228	5.31
51	107	Sb	-70653.239	4.148
52	107	Te	-60539.326	70.83
53	107	I	-49430#	300#
39	108	Y	-37297#	596#
40	108	Zr	-51353#	401#
41	108	Nb	-59545.765	8.237
42	108	Mo	-70755.942	9.233
43	108	Tc	-75922.778	8.769
44	108	Ru	-83661.35	8.68
45	108	Rh	-85031.721	13.996
46	108	Pd	-89524.206	1.108
47	108	Ag	-87606.763	2.388
48	108	Cd	-89252.414	1.123
49	108	In	-84119.819	8.641
50	108	Sn	-82069.938	5.382
51	108	Sb	-72445.331	5.496
52	108	Te	-65781.667	5.411
53	108	I	-52649.605	132.26
39	109	Y	-33200#	700#
40	109	Zr	-46193#	503#
41	109	Nb	-56689.794	258.49
42	109	Mo	-66665.996	11.188
43	109	Tc	-74282.775	9.669
44	109	Ru	-80738.401	8.954
45	109	Rh	-84999.455	4.039
46	109	Pd	-87606.476	1.114
47	109	Ag	-88719.426	1.287
48	109	Cd	-88504.321	1.536
49	109	In	-86489.511	3.969
50	109	Sn	-82630.184	7.949
51	109	Sb	-76250.977	5.265
52	109	Te	-67715.39	4.382
53	109	I	-57672.496	6.729
54	109	Xe	-46169.548	300.108
40	110	Zr	-42886#	596#
41	110	Nb	-52309.909	838.345
42	110	Mo	-64542.585	24.223
43	110	Tc	-71034.51	9.497
44	110	Ru	-80072.576	8.924
45	110	Rh	-82828.686	17.805
46	110	Pd	-88330.905	0.612
47	110	Ag	-87457.302	1.286
48	110	Cd	-90347.969	0.38
49	110	In	-86469.969	11.553
50	110	Sn	-85841.983	13.777
51	110	Sb	-77449.734	5.962
52	110	Te	-72229.811	6.575
53	110	I	-60464.176	50.552
54	110	Xe	-51922.625	100.988
40	111	Zr	-37560#	700#
41	111	Nb	-48875#	298#
42	111	Mo	-59939.761	12.578
43	111	Tc	-69024.622	10.581
44	111	Ru	-76785.271	9.682
45	111	Rh	-82304.452	6.85
46	111	Pd	-85985.888	0.731
47	111	Ag	-88215.447	1.459
48	111	Cd	-89252.247	0.357
49	111	In	-88392.043	3.424
50	111	Sn	-85938.587	5.336
51	111	Sb	-80836.736	8.849
52	111	Te	-73587.477	6.427
53	111	I	-64953.785	4.754
54	111	Xe	-54395.534	86.7
55	111	Cs	-42821#	196#
40	112	Zr	-33810#	700#
41	112	Nb	-44274#	298#
42	112	Mo	-57464#	196#
43	112	Tc	-65258.938	5.515
44	112	Ru	-75630.818	9.599
45	112	Rh	-79731.503	44.085
46	112	Pd	-86321.562	6.544
47	112	Ag	-86583.718	2.422
48	112	Cd	-90574.859	0.25
49	112	In	-87990.131	4.251
50	112	Sn	-88655.056	0.294
51	112	Sb	-81598.965	17.829
52	112	Te	-77567.508	8.383
53	112	I	-67063.33	10.246
54	112	Xe	-60026.338	8.283
55	112	Cs	-46290.277	86.796
41	113	Nb	-40511#	401#
42	113	Mo	-52490#	300#
43	113	Tc	-62811.541	3.353
44	113	Ru	-71868.119	36.875
45	113	Rh	-78767.536	7.13
46	113	Pd	-83591.092	6.945
47	113	Ag	-87026.822	16.643
48	113	Cd	-89043.284	0.244
49	113	In	-89367.117	0.188
50	113	Sn	-88328.132	1.575
51	113	Sb	-84416.968	17.193
52	113	Te	-78347.029	27.945
53	113	I	-71119.507	8.011
54	113	Xe	-62203.618	6.84
55	113	Cs	-51764.53	8.577
56	113	Ba	-39784#	298#
41	114	Nb	-35387#	503#
42	114	Mo	-49807#	298#
43	114	Tc	-58600.288	433.145
44	114	Ru	-70221.811	3.55
45	114	Rh	-75710.625	71.561
46	114	Pd	-83490.943	6.945
47	114	Ag	-84930.8	4.564
48	114	Cd	-90014.932	0.276
49	114	In	-88569.801	0.301
50	114	Sn	-90559.723	0.029
51	114	Sb	-84496.574	21.838
52	114	Te	-81888.569	27.945
53	114	I	-72796#	149#
54	114	Xe	-67085.89	11.178
55	114	Cs	-54682.261	71.102
56	114	Ba	-45905.426	102.676
41	115	Nb	-31354#	503#
42	115	Mo	-44749#	401#
43	115	Tc	-56319.99	789.441
44	115	Ru	-66189.734	88.496
45	115	Rh	-74229.831	7.316
46	115	Pd	-80426.386	13.546
47	115	Ag	-84982.654	18.268
48	115	Cd	-88084.479	0.651
49	115	In	-89536.346	0.012
50	115	Sn	-90033.835	0.015
51	115	Sb	-87003.403	16.025
52	115	Te	-82062.759	27.945
53	115	I	-76337.797	28.876
54	115	Xe	-68656.748	12.109
55	115	Cs	-59699#	102#
56	115	Ba	-49020#	200#
42	116	Mo	-41500#	500#
43	116	Tc	-51456#	298#
44	116	Ru	-64068.909	3.726
45	116	Rh	-70736.122	73.832
46	116	Pd	-79831.635	7.132
47	116	Ag	-82542.653	3.26
48	116	Cd	-88712.48	0.16
49	116	In	-88249.749	0.22
50	116	Sn	-91525.97	0.096
51	116	Sb	-86822.15	5.16
52	116	Te	-85268.961	27.945
53	116	I	-77492.236	96.592
54	116	Xe	-73046.724	13.041
55	116	Cs	-62043#	100#
56	116	Ba	-54580#	200#
57	116	La	-40645#	312#
42	117	Mo	-36170#	500#
43	117	Tc	-48382#	401#
44	117	Ru	-59489.865	433.145
45	117	Rh	-68897.373	8.892
46	117	Pd	-76424.477	7.252
47	117	Ag	-82182.014	13.572
48	117	Cd	-86418.389	1.013
49	117	In	-88943.042	4.881
50	117	Sn	-90397.751	0.483
51	117	Sb	-88639.539	8.437
52	117	Te	-85095.411	13.456
53	117	I	-80436.077	26.196
54	117	Xe	-74185.337	10.378
55	117	Cs	-66493.092	62.41
56	117	Ba	-57457.753	250.34
57	117	La	-46471#	200#
42	118	Mo	-32630#	500#
43	118	Tc	-43790#	401#
44	118	Ru	-57260#	200#
45	118	Rh	-64887.46	24.235
46	118	Pd	-75388.746	2.491
47	118	Ag	-79553.792	2.515
48	118	Cd	-86701.641	20.001
49	118	In	-87228.211	7.752
50	118	Sn	-91652.853	0.499
51	118	Sb	-87996.213	3.016
52	118	Te	-87696.584	18.481
53	118	I	-80971.048	19.76
54	118	Xe	-78079.057	10.378
55	118	Cs	-68409.367	12.753
56	118	Ba	-62354#	196#
57	118	La	-49560#	300#
43	119	Tc	-40371#	503#
44	119	Ru	-52564#	298#
45	119	Rh	-62822.794	9.315
46	119	Pd	-71407.902	8.245
47	119	Ag	-78645.765	14.703
48	119	Cd	-83977.068	37.695
49	119	In	-87699.281	7.307
50	119	Sn	-90065.022	0.725
51	119	Sb	-89474.18	7.701
52	119	Te	-87181.18	7.957
53	119	I	-83765.53	27.945
54	119	Xe	-78794.413	10.378
55	119	Cs	-72305.051	13.94
56	119	Ba	-64590.086	200.269
57	119	La	-54790#	300#
58	119	Ce	-43940#	500#
43	120	Tc	-35518#	503#
44	120	Ru	-50012#	401#
45	120	Rh	-58815#	196#
46	120	Pd	-70280.05	2.291
47	120	Ag	-75651.502	4.471
48	120	Cd	-83957.354	3.726
49	120	In	-85728.369	40.01
50	120	Sn	-91098.369	0.896
51	120	Sb	-88417.761	7.196
52	120	Te	-89367.987	3.085
53	120	I	-83752.987	15.314
54	120	Xe	-82172.423	11.817
55	120	Cs	-73888.639	9.97
56	120	Ba	-68888.639	300.166
57	120	La	-57570#	300#
58	120	Ce	-49600#	500#
43	121	Tc	-31780#	500#
44	121	Ru	-45047#	401#
45	121	Rh	-56250.128	619.444
46	121	Pd	-66182.329	3.353
47	121	Ag	-74402.821	12.109
48	121	Cd	-81073.826	1.942
49	121	In	-85835.974	27.414
50	121	Sn	-89197.265	0.955
51	121	Sb	-89600.321	2.582
52	121	Te	-88545.502	25.85
53	121	I	-86251.449	5.356
54	121	Xe	-82480.986	10.243
55	121	Cs	-77102.331	14.29
56	121	Ba	-70744.837	141.898
57	121	La	-62190#	300#
58	121	Ce	-52690#	401#
59	121	Pr	-41422#	500#
44	122	Ru	-42150#	500#
45	122	Rh	-52080#	300#
46	122	Pd	-64616.161	19.561
47	122	Ag	-71106.108	38.191
48	122	Cd	-80612.374	2.299
49	122	In	-83572.741	50.057
50	122	Sn	-89941.333	2.395
51	122	Sb	-88335.37	2.578
52	122	Te	-90314.46	1.507
53	122	I	-86080.46	5.222
54	122	Xe	-85354.977	11.111
55	122	Cs	-78144.759	33.687
56	122	Ba	-74608.944	27.945
57	122	La	-64543#	298#
58	122	Ce	-57874#	401#
59	122	Pr	-44780#	500#
44	123	Ru	-37080#	500#
45	123	Rh	-49360#	400#
46	123	Pd	-60429.742	789.441
47	123	Ag	-69548.078	30.739
48	123	Cd	-77414.181	2.696
49	123	In	-83430.353	19.827
50	123	Sn	-87816.181	2.416
51	123	Sb	-89224.069	1.506
52	123	Te	-89172.156	1.505
53	123	I	-87943.727	3.74
54	123	Xe	-85248.701	9.537
55	123	Cs	-81043.646	12.109
56	123	Ba	-75654.953	12.109
57	123	La	-68651#	196#
58	123	Ce	-60286#	298#
59	123	Pr	-50230#	400#
44	124	Ru	-33960#	600#
45	124	Rh	-44890#	400#
46	124	Pd	-58390#	298#
47	124	Ag	-66200.134	251.503
48	124	Cd	-76701.672	2.995
49	124	In	-80870.201	30.572
50	124	Sn	-88234.193	1.014
51	124	Sb	-87620.248	1.507
52	124	Te	-90525.321	1.502
53	124	I	-87365.734	2.39
54	124	Xe	-87661.421	1.793
55	124	Cs	-81731.334	8.304
56	124	Ba	-79089.775	12.497
57	124	La	-70258.61	56.669
58	124	Ce	-64916#	298#
59	124	Pr	-53151#	401#
60	124	Nd	-44525#	503#
45	125	Rh	-42000#	500#
46	125	Pd	-54120#	400#
47	125	Ag	-64519.932	433.145
48	125	Cd	-73348.095	2.885
49	125	In	-80476.805	27.023
50	125	Sn	-85896.376	1.033
51	125	Sb	-88256.274	2.599
52	125	Te	-89022.974	1.502
53	125	I	-88837.204	1.504
54	125	Xe	-87193.381	1.836
55	125	Cs	-84087.95	7.744
56	125	Ba	-79668.965	10.992
57	125	La	-73759.484	25.997
58	125	Ce	-66658#	196#
59	125	Pr	-57940#	300#
60	125	Nd	-47599#	401#
45	126	Rh	-37300#	500#
46	126	Pd	-51860#	400#
47	126	Ag	-60680#	200#
48	126	Cd	-72256.802	2.476
49	126	In	-77772.908	26.921
50	126	Sn	-86015.24	10.447
51	126	Sb	-86393.24	31.767
52	126	Te	-90065.348	1.504
53	126	I	-87911.318	3.809
54	126	Xe	-89146.962	3.5
55	126	Cs	-84350.829	10.401
56	126	Ba	-82669.902	12.497
57	126	La	-74973.468	90.508
58	126	Ce	-70820.558	27.945
59	126	Pr	-60324#	196#
60	126	Nd	-52993#	298#
61	126	Pm	-39350#	500#
45	127	Rh	-34030#	600#
46	127	Pd	-47180#	500#
47	127	Ag	-58440#	200#
48	127	Cd	-68747.402	12.109
49	127	In	-76896.184	21.157
50	127	Sn	-83470.803	10.057
51	127	Sb	-86699.477	5.126
52	127	Te	-88281.678	1.514
53	127	I	-88983.909	3.647
54	127	Xe	-88321.56	4.11
55	127	Cs	-86240.154	5.578
56	127	Ba	-82817.944	11.357
57	127	La	-77896.108	26
58	127	Ce	-71979.336	28.876
59	127	Pr	-64543#	196#
60	127	Nd	-55536#	298#
61	127	Pm	-44786#	401#
46	128	Pd	-44490#	500#
47	128	Ag	-54620#	300#
48	128	Cd	-67241.89	7.244
49	128	In	-74145.941	153.479
50	128	Sn	-83362.008	17.66
51	128	Sb	-84630.286	19.119
52	128	Te	-88993.716	0.866
53	128	I	-87738.724	3.647
54	128	Xe	-89860.298	1.061
55	128	Cs	-85931.581	5.443
56	128	Ba	-85378.497	5.195
57	128	La	-78625.431	54.448
58	128	Ce	-75533.917	27.945
59	128	Pr	-66330.757	29.808
60	128	Nd	-60314#	196#
61	128	Pm	-47786#	298#
62	128	Sm	-38670#	500#
46	129	Pd	-37610#	600#
47	129	Ag	-51980#	400#
48	129	Cd	-63058.046	16.767
49	129	In	-72837.72	2.693
50	129	Sn	-80590.903	17.277
51	129	Sb	-84629.307	21.231
52	129	Te	-87004.807	0.869
53	129	I	-88507.125	3.168
54	129	Xe	-88696.05896	0.00537
55	129	Cs	-87499.246	4.555
56	129	Ba	-85063.198	10.577
57	129	La	-81324.573	21.351
58	129	Ce	-76287.496	27.945
59	129	Pr	-69773.558	29.808
60	129	Nd	-62315#	202#
61	129	Pm	-52881#	298#
62	129	Sm	-42000#	500#
47	130	Ag	-45697#	500#
48	130	Cd	-61117.589	22.356
49	130	In	-69883.206	38.046
50	130	Sn	-80132.206	1.873
51	130	Sb	-82285.676	14.212
52	130	Te	-87352.949	0.011
53	130	I	-86936.138	3.168
54	130	Xe	-89880.463	0.009
55	130	Cs	-86899.743	8.357
56	130	Ba	-87261.544	2.553
57	130	La	-81627.366	25.946
58	130	Ce	-79422.905	27.945
59	130	Pr	-71175.457	64.273
60	130	Nd	-66596.232	27.945
61	130	Pm	-55396#	196#
62	130	Sm	-47506#	401#
63	130	Eu	-33683#	500#
47	131	Ag	-40380#	500#
48	131	Cd	-55218.965	102.464
49	131	In	-68025.03	2.701
50	131	Sn	-77264.571	3.621
51	131	Sb	-81981.401	2.084
52	131	Te	-85211.012	0.061
53	131	I	-87442.71	0.605
54	131	Xe	-88413.558	0.009
55	131	Cs	-88058.786	4.974
56	131	Ba	-86683.731	2.569
57	131	La	-83769.256	27.945
58	131	Ce	-79708.44	32.802
59	131	Pr	-74300.656	46.995
60	131	Nd	-67768.033	27.517
61	131	Pm	-59660#	200#
62	131	Sm	-50133#	401#
63	131	Eu	-39270#	401#
47	132	Ag	-33790#	500#
48	132	Cd	-50263#	196#
49	132	In	-62411.542	60.033
50	132	Sn	-76546.542	1.976
51	132	Sb	-79635.271	2.467
52	132	Te	-85188.186	3.486
53	132	I	-85703.49	4.065
54	132	Xe	-89278.96179	0.00515
55	132	Cs	-87152.681	1.036
56	132	Ba	-88435.017	1.054
57	132	La	-83723.65	36.359
58	132	Ce	-82470.896	20.442
59	132	Pr	-75227.456	28.876
60	132	Nd	-71425.807	24.205
61	132	Pm	-61628#	149#
62	132	Sm	-55079#	298#
63	132	Eu	-42200#	400#
48	133	Cd	-43920#	298#
49	133	In	-57464#	196#
50	133	Sn	-70873.88	1.904
51	133	Sb	-78923.503	3.128
52	133	Te	-82937.122	2.066
53	133	I	-85858.26	6.427
54	133	Xe	-87643.571	2.4
55	133	Cs	-88070.931	0.008
56	133	Ba	-87553.613	0.992
57	133	La	-85494.383	27.945
58	133	Ce	-82418.214	16.354
59	133	Pr	-77937.581	12.497
60	133	Nd	-72332.372	46.575
61	133	Pm	-65407.646	50.301
62	133	Sm	-57231#	298#
63	133	Eu	-47236#	298#
64	133	Gd	-35860#	500#
48	134	Cd	-38920#	400#
49	134	In	-51661#	298#
50	134	Sn	-66433.748	3.167
51	134	Sb	-74020.542	1.705
52	134	Te	-82533.741	2.746
53	134	I	-84043.429	4.857
54	134	Xe	-88125.822	0.009
55	134	Cs	-86891.154	0.016
56	134	Ba	-88949.853	0.304
57	134	La	-85218.65	19.93
58	134	Ce	-84832.889	20.387
59	134	Pr	-78527.991	20.316
60	134	Nd	-75646.432	11.817
61	134	Pm	-66738.751	57.753
62	134	Sm	-61376#	196#
63	134	Eu	-49928#	298#
64	134	Gd	-41302#	401#
49	135	In	-46528#	401#
50	135	Sn	-60632.244	3.074
51	135	Sb	-69690.323	2.64
52	135	Te	-77728.78	1.722
53	135	I	-83779.145	2.061
54	135	Xe	-86413.151	3.72
55	135	Cs	-87581.643	0.992
56	135	Ba	-87850.498	0.306
57	135	La	-86643.317	9.434
58	135	Ce	-84616.171	10.267
59	135	Pr	-80935.861	11.817
60	135	Nd	-76213.609	19.128
61	135	Pm	-70052.075	75.451
62	135	Sm	-62857.215	154.628
63	135	Eu	-54148#	196#
64	135	Gd	-44390#	400#
65	135	Tb	-32825#	401#
49	136	In	-40510#	400#
50	136	Sn	-55899#	298#
51	136	Sb	-64506.88	5.83
52	136	Te	-74425.269	2.281
53	136	I	-79545.214	14.188
54	136	Xe	-86429.159	0.007
55	136	Cs	-86338.697	1.882
56	136	Ba	-88886.921	0.306
57	136	La	-86037.479	53.171
58	136	Ce	-86508.372	0.408
59	136	Pr	-81340.355	11.455
60	136	Nd	-79199.287	11.817
61	136	Pm	-71169.915	69.073
62	136	Sm	-66810.89	12.497
63	136	Eu	-56244#	196#
64	136	Gd	-49090#	298#
65	136	Tb	-36130#	500#
49	137	In	-35040#	500#
50	137	Sn	-49788#	401#
51	137	Sb	-60060.384	52.164
52	137	Te	-69303.753	2.1
53	137	I	-76356.258	8.383
54	137	Xe	-82383.404	0.103
55	137	Cs	-86545.606	0.358
56	137	Ba	-87721.235	0.314
57	137	La	-87140.688	1.659
58	137	Ce	-85918.588	0.437
59	137	Pr	-83201.693	8.137
60	137	Nd	-79584.567	11.737
61	137	Pm	-74072.848	13.041
62	137	Sm	-68026.525	42.395
63	137	Eu	-60145.895	4.378
64	137	Gd	-51214#	298#
65	137	Tb	-40967#	401#
50	138	Sn	-44861#	503#
51	138	Sb	-54220.403	1064.232
52	138	Te	-65695.985	3.787
53	138	I	-71979.9	5.962
54	138	Xe	-79972.233	2.804
55	138	Cs	-82886.937	9.159
56	138	Ba	-88261.638	0.317
57	138	La	-86519.18	3.188
58	138	Ce	-87570.922	4.931
59	138	Pr	-83133.922	11.15
60	138	Nd	-82018.31	11.601
61	138	Pm	-74940.483	27.739
62	138	Sm	-71497.762	11.817
63	138	Eu	-61749.669	27.945
64	138	Gd	-55800#	196#
65	138	Tb	-43668#	298#
66	138	Dy	-34931#	503#
50	139	Sn	-38440#	500#
51	139	Sb	-49788#	401#
52	139	Te	-60205.072	3.54
53	139	I	-68470.954	4.005
54	139	Xe	-75644.576	2.142
55	139	Cs	-80700.921	3.14
56	139	Ba	-84913.751	0.319
57	139	La	-87226.212	2.009
58	139	Ce	-86947.862	7.23
59	139	Pr	-84818.798	7.809
60	139	Nd	-82013.942	27.6
61	139	Pm	-77500.481	13.593
62	139	Sm	-72380.219	10.884
63	139	Eu	-65398.042	13.151
64	139	Gd	-57632#	196#
65	139	Tb	-48130#	298#
66	139	Dy	-37642#	503#
51	140	Sb	-43939#	596#
52	140	Te	-56576.228	62.41
53	140	I	-63606.213	12.109
54	140	Xe	-72986.451	2.329
55	140	Cs	-77050.105	8.201
56	140	Ba	-83269.354	7.933
57	140	La	-84315.871	2.009
58	140	Ce	-88076.089	1.596
59	140	Pr	-84688.089	6.209
60	140	Nd	-84258.912	3.447
61	140	Pm	-78213.712	24.246
62	140	Sm	-75455.935	12.497
63	140	Eu	-66985.935	51.538
64	140	Gd	-61782.271	27.945
65	140	Tb	-50482.271	800.488
66	140	Dy	-42830#	401#
67	140	Ho	-29259#	503#
51	141	Sb	-39110#	500#
52	141	Te	-50487#	401#
53	141	I	-59926.657	15.835
54	141	Xe	-68197.299	2.888
55	141	Cs	-74477.523	9.195
56	141	Ba	-79732.626	5.319
57	141	La	-82931.636	4.219
58	141	Ce	-85432.916	1.597
59	141	Pr	-86015.644	1.665
60	141	Nd	-84192.63	3.265
61	141	Pm	-80522.921	13.972
62	141	Sm	-75933.909	8.539
63	141	Eu	-69925.629	12.639
64	141	Gd	-63224.224	19.76
65	141	Tb	-54540.837	105.259
66	141	Dy	-45382#	298#
67	141	Ho	-34364#	401#
52	142	Te	-46370#	503#
53	142	I	-54769.984	374.461
54	142	Xe	-65229.639	2.701
55	142	Cs	-70514.55	7.067
56	142	Ba	-77842.264	5.92
57	142	La	-80024.227	6.309
58	142	Ce	-84533.188	2.509
59	142	Pr	-83787.476	1.665
60	142	Nd	-85949.98	1.368
61	142	Pm	-81142.044	23.597
62	142	Sm	-78986.47	3.079
63	142	Eu	-71313.47	30.158
64	142	Gd	-66959.515	27.945
65	142	Tb	-56559.515	700.558
66	142	Dy	-50120#	729#
67	142	Ho	-37250#	401#
68	142	Er	-28030#	500#
52	143	Te	-40278#	503#
53	143	I	-50630#	200#
54	143	Xe	-60202.873	4.657
55	143	Cs	-67675.509	7.573
56	143	Ba	-73937.197	6.756
57	143	La	-78171.515	7.33
58	143	Ce	-81606.671	2.508
59	143	Pr	-83068.246	1.897
60	143	Nd	-84002.234	1.367
61	143	Pm	-82960.651	2.996
62	143	Sm	-79517.152	2.804
63	143	Eu	-74241.3	10.986
64	143	Gd	-68231.3	200.301
65	143	Tb	-60419.183	51.232
66	143	Dy	-52168.941	13.041
67	143	Ho	-42048#	298#
68	143	Er	-31260#	400#
53	144	I	-45280#	401#
54	144	Xe	-56872.293	5.31
55	144	Cs	-63271.353	20.132
56	144	Ba	-71767.121	7.136
57	144	La	-74849.652	12.937
58	144	Ce	-80431.87	2.885
59	144	Pr	-80750.517	2.762
60	144	Nd	-83747.957	1.367
61	144	Pm	-81416.093	2.964
62	144	Sm	-81965.535	1.554
63	144	Eu	-75619.133	10.789
64	144	Gd	-71759.504	27.945
65	144	Tb	-62368.181	27.945
66	144	Dy	-56570.083	7.173
67	144	Ho	-44609.513	8.477
68	144	Er	-36608#	196#
69	144	Tm	-22259#	400#
53	145	I	-40939#	503#
54	145	Xe	-51493.329	11.178
55	145	Cs	-60054.415	9.067
56	145	Ba	-67516.176	8.477
57	145	La	-72835.317	12.269
58	145	Ce	-77067.022	33.902
59	145	Pr	-79625.94	7.169
60	145	Nd	-81431.951	1.384
61	145	Pm	-81267.474	2.859
62	145	Sm	-80651.318	1.578
63	145	Eu	-77991.507	3.106
64	145	Gd	-72926.32	19.709
65	145	Tb	-66388.411	109.174
66	145	Dy	-58242.599	6.52
67	145	Ho	-49120.105	7.452
68	145	Er	-39240#	200#
69	145	Tm	-27583#	196#
54	146	Xe	-47954.943	24.219
55	146	Cs	-55310.372	2.893
56	146	Ba	-64947.086	20.863
57	146	La	-69050.283	33.616
58	146	Ce	-75635.389	16.306
59	146	Pr	-76681.006	34.816
60	146	Nd	-80925.867	1.386
61	146	Pm	-79454.309	4.308
62	146	Sm	-80996.309	3.092
63	146	Eu	-77117.541	6.026
64	146	Gd	-76085.783	4.108
65	146	Tb	-67763.61	44.862
66	146	Dy	-62554.918	6.695
67	146	Ho	-51238.219	6.587
68	146	Er	-44322.012	6.705
69	146	Tm	-31055#	200#
54	147	Xe	-42360#	200#
55	147	Cs	-51920.064	8.383
56	147	Ba	-60264.029	19.748
57	147	La	-66678.39	10.712
58	147	Ce	-72013.891	8.58
59	147	Pr	-75444.067	15.857
60	147	Nd	-78146.748	1.388
61	147	Pm	-79042.26	1.399
62	147	Sm	-79266.354	1.372
63	147	Eu	-77544.756	2.63
64	147	Gd	-75356.945	1.965
65	147	Tb	-70742.665	8.1
66	147	Dy	-64196.038	8.849
67	147	Ho	-55757.092	5.001
68	147	Er	-46607.807	38.191
69	147	Tm	-35974.4	6.839
54	148	Xe	-38600#	300#
55	148	Cs	-46910.942	13.041
56	148	Ba	-57593.735	63.079
57	148	La	-62708.735	19.468
58	148	Ce	-70398.408	11.195
59	148	Pr	-72535.424	15.043
60	148	Nd	-77407.996	2.127
61	148	Pm	-76865.716	5.723
62	148	Sm	-79336.264	1.367
63	148	Eu	-76299.331	10.013
64	148	Gd	-76269.329	1.554
65	148	Tb	-70537.082	12.464
66	148	Dy	-67859.55	8.724
67	148	Ho	-57991.158	83.834
68	148	Er	-51478.989	10.246
69	148	Tm	-38765.027	10.246
70	148	Yb	-30330#	400#
55	149	Cs	-43250#	400#
56	149	Ba	-53120.309	437.802
57	149	La	-60219.913	200.262
58	149	Ce	-66669.913	10.246
59	149	Pr	-71039.366	9.874
60	149	Nd	-74375.466	2.128
61	149	Pm	-76064.256	2.267
62	149	Sm	-77135.737	1.311
63	149	Eu	-76441.112	3.951
64	149	Gd	-75127.011	3.36
65	149	Tb	-71488.669	3.667
66	149	Dy	-67695.909	9.221
67	149	Ho	-61646.578	11.99
68	149	Er	-53741.615	27.945
69	149	Tm	-43883#	196#
70	149	Yb	-33198#	300#
55	150	Cs	-38170#	400#
56	150	Ba	-49900#	300#
57	150	La	-56129.966	435.473
58	150	Ce	-64846.854	11.697
59	150	Pr	-68300.479	9.015
60	150	Nd	-73679.755	1.289
61	150	Pm	-73597.139	20.041
62	150	Sm	-77051.139	1.274
63	150	Eu	-74792.234	6.253
64	150	Gd	-75763.934	6.076
65	150	Tb	-71105.721	7.384
66	150	Dy	-69309.6	4.348
67	150	Ho	-61945.881	14.168
68	150	Er	-57831.313	17.195
69	150	Tm	-46491#	196#
70	150	Yb	-38638#	300#
71	150	Lu	-24640#	300#
55	151	Cs	-34230#	500#
56	151	Ba	-44940#	400#
57	151	La	-53310.333	435.473
58	151	Ce	-61225.052	17.698
59	151	Pr	-66779.63	11.651
60	151	Nd	-70942.988	1.293
61	151	Pm	-73386.063	4.653
62	151	Sm	-74576.279	1.273
63	151	Eu	-74652.854	1.325
64	151	Gd	-74188.737	3.056
65	151	Tb	-71623.504	4.137
66	151	Dy	-68752.405	3.293
67	151	Ho	-63622.738	8.302
68	151	Er	-58266.284	16.47
69	151	Tm	-50772.756	19.416
70	151	Yb	-41542.342	300.492
71	151	Lu	-30108#	300#
55	152	Cs	-28930#	500#
56	152	Ba	-41710#	400#
57	152	La	-49290#	300#
58	152	Ce	-58980#	200#
59	152	Pr	-63758.063	18.537
60	152	Nd	-70149.407	24.485
61	152	Pm	-71254.186	25.912
62	152	Sm	-74762.603	1.212
63	152	Eu	-72888.255	1.326
64	152	Gd	-74706.916	1.206
65	152	Tb	-70716.916	40.018
66	152	Dy	-70117.873	4.624
67	152	Ho	-63604.771	12.529
68	152	Er	-60500.377	8.83
69	152	Tm	-51720.273	54.027
70	152	Yb	-46270.381	149.708
71	152	Lu	-33422#	196#
56	153	Ba	-36470#	400#
57	153	La	-46060#	300#
58	153	Ce	-54910#	200#
59	153	Pr	-61568.463	11.882
60	153	Nd	-67330.297	2.747
61	153	Pm	-70647.824	9.066
62	153	Sm	-72559.686	1.219
63	153	Eu	-73367.222	1.33
64	153	Gd	-72882.551	1.203
65	153	Tb	-71313.338	3.995
66	153	Dy	-69142.943	4.048
67	153	Ho	-65012.103	5.094
68	153	Er	-60468.604	9.321
69	153	Tm	-53973.329	11.983
70	153	Yb	-47208#	196#
71	153	Lu	-38372.844	150.034
72	153	Hf	-27300#	300#
56	154	Ba	-32820#	500#
57	154	La	-41530#	300#
58	154	Ce	-52220#	200#
59	154	Pr	-58104.976	113.009
60	154	Nd	-65824.976	52.642
61	154	Pm	-68511.976	46.326
62	154	Sm	-72455.176	1.462
63	154	Eu	-71738.121	1.346
64	154	Gd	-73705.954	1.197
65	154	Tb	-70156.303	45.314
66	154	Dy	-70393.907	7.445
67	154	Ho	-64639.311	8.228
68	154	Er	-62605.02	4.986
69	154	Tm	-54427.131	14.412
70	154	Yb	-49932.083	17.281
71	154	Lu	-39715#	196#
72	154	Hf	-32670#	300#
57	155	La	-37930#	400#
58	155	Ce	-47780#	300#
59	155	Pr	-55415.268	17.198
60	155	Nd	-62283.724	9.153
61	155	Pm	-66939.931	4.718
62	155	Sm	-70190.819	1.487
63	155	Eu	-71818.092	1.401
64	155	Gd	-72069.88	1.191
65	155	Tb	-71250.05	9.849
66	155	Dy	-69155.55	9.665
67	155	Ho	-66039.539	17.474
68	155	Er	-62209.189	6.098
69	155	Tm	-56625.913	9.925
70	155	Yb	-50502.608	16.6
71	155	Lu	-42545.047	19.246
72	155	Hf	-34170#	298#
73	155	Ta	-23928#	300#
57	156	La	-33050#	400#
58	156	Ce	-44820#	300#
59	156	Pr	-51568#	200#
60	156	Nd	-60473.644	200.033
61	156	Pm	-64163.644	3.631
62	156	Sm	-69360.43	8.546
63	156	Eu	-70082.548	3.59
64	156	Gd	-72534.914	1.19
65	156	Tb	-70090.797	3.814
66	156	Dy	-70528.964	1.194
67	156	Ho	-65478.964	60.012
68	156	Er	-64211.709	24.629
69	156	Tm	-56834.55	14.279
70	156	Yb	-53265.721	9.308
71	156	Lu	-43699.544	54.122
72	156	Hf	-37816.896	149.757
73	156	Ta	-25861#	298#
58	157	Ce	-39930#	400#
59	157	Pr	-48540#	300#
60	157	Nd	-56461.543	24.918
61	157	Pm	-62297.043	7.006
62	157	Sm	-66677.577	4.433
63	157	Eu	-69458.908	4.259
64	157	Gd	-70823.473	1.189
65	157	Tb	-70763.43	1.222
66	157	Dy	-69424.558	5.177
67	157	Ho	-66832.832	23.469
68	157	Er	-63413.639	26.505
69	157	Tm	-58709.273	27.945
70	157	Yb	-53421.898	10.92
71	157	Lu	-46440.523	12.078
72	157	Hf	-38903#	196#
73	157	Ta	-29593.33	150.069
74	157	W	-19470#	400#
58	158	Ce	-36660#	400#
59	158	Pr	-44330#	300#
60	158	Nd	-54055#	200#
61	158	Pm	-59089.209	13.453
62	158	Sm	-65250.243	4.892
63	158	Eu	-67255.188	10.255
64	158	Gd	-70689.546	1.189
65	158	Tb	-69470.668	1.401
66	158	Dy	-70407.349	2.365
67	158	Ho	-66187.593	27.108
68	158	Er	-65303.808	25.219
69	158	Tm	-58703.194	25.219
70	158	Yb	-56010.237	7.994
71	158	Lu	-47212.19	15.125
72	158	Hf	-42102.39	17.494
73	158	Ta	-31167#	196#
74	158	W	-23633#	300#
59	159	Pr	-41088#	400#
60	159	Nd	-49807#	300#
61	159	Pm	-56554.28	10.039
62	159	Sm	-62207.775	5.934
63	159	Eu	-66043.285	4.325
64	159	Gd	-68561.436	1.192
65	159	Tb	-69532.363	1.256
66	159	Dy	-69167.134	1.528
67	159	Ho	-67329.534	3.088
68	159	Er	-64561.034	3.679
69	159	Tm	-60570.398	27.945
70	159	Yb	-55838.606	17.794
71	159	Lu	-49708.604	37.663
72	159	Hf	-42852.6	16.813
73	159	Ta	-34439.148	19.689
74	159	W	-25295#	298#
75	159	Re	-14745#	305#
59	160	Pr	-36520#	400#
60	160	Nd	-47134#	300#
61	160	Pm	-53002#	200#
62	160	Sm	-60234.793	5.934
63	160	Eu	-63480.463	9.501
64	160	Gd	-67941.741	1.278
65	160	Tb	-67836.257	1.262
66	160	Dy	-69672.73	0.772
67	160	Ho	-66382.73	15.02
68	160	Er	-66064.228	24.254
69	160	Tm	-60302.028	34.262
70	160	Yb	-58162.706	7.233
71	160	Lu	-50269.937	56.821
72	160	Hf	-45938.943	9.541
73	160	Ta	-35823.695	54.316
74	160	W	-29326.455	149.827
75	160	Re	-16739#	298#
60	161	Nd	-42588#	400#
61	161	Pm	-50235#	298#
62	161	Sm	-56671.962	6.817
63	161	Eu	-61791.524	10.399
64	161	Gd	-65505.824	1.622
65	161	Tb	-67461.589	1.35
66	161	Dy	-68055.801	0.768
67	161	Ho	-67197.27	2.242
68	161	Er	-65201.608	8.78
69	161	Tm	-61898.708	27.945
70	161	Yb	-57839.4	15.354
71	161	Lu	-52562.344	27.945
72	161	Hf	-46314.672	22.551
73	161	Ta	-38778.997	24.382
74	161	W	-30555#	196#
75	161	Re	-20840.203	149.922
76	161	Os	-9979#	400#
60	162	Nd	-39550#	400#
61	162	Pm	-46370#	300#
62	162	Sm	-54530#	196#
63	162	Eu	-58703.401	35.229
64	162	Gd	-64280.401	4.009
65	162	Tb	-65675.958	36.372
66	162	Dy	-68181.478	0.767
67	162	Ho	-66041.541	3.166
68	162	Er	-66334.519	0.822
69	162	Tm	-61477.791	26.06
70	162	Yb	-59826.347	15.359
71	162	Lu	-52831.753	75.036
72	162	Hf	-49169.008	8.968
73	162	Ta	-39780.194	52.238
74	162	W	-33999.207	17.658
75	162	Re	-22501#	196#
76	162	Os	-14440#	300#
61	163	Pm	-43249#	400#
62	163	Sm	-50720#	298#
63	163	Eu	-56484.886	65.544
64	163	Gd	-61313.886	8.426
65	163	Tb	-64596.071	4.073
66	163	Dy	-66381.17	0.765
67	163	Ho	-66378.335	0.765
68	163	Er	-65167.723	4.639
69	163	Tm	-62728.723	5.524
70	163	Yb	-59299.094	15.364
71	163	Lu	-54791.409	27.945
72	163	Hf	-49263.682	24.778
73	163	Ta	-42534.629	38.061
74	163	W	-34908.193	52.751
75	163	Re	-26002.244	18.534
76	163	Os	-16192#	298#
61	164	Pm	-38870#	400#
62	164	Sm	-48102#	298#
63	164	Eu	-53381#	114#
64	164	Gd	-59774#	102#
65	164	Tb	-62077.965	100.003
66	164	Dy	-65967.965	0.767
67	164	Ho	-64981.503	1.528
68	164	Er	-65942.89	0.775
69	164	Tm	-61904.035	24.394
70	164	Yb	-61017.418	15.369
71	164	Lu	-54642.37	27.945
72	164	Hf	-51818.505	15.82
73	164	Ta	-43282.8	27.945
74	164	W	-38235.759	9.674
75	164	Re	-27472.436	54.555
76	164	Os	-20422.106	149.919
77	164	Ir	-7344#	314#
62	165	Sm	-43808#	401#
63	165	Eu	-50724#	138#
64	165	Gd	-56453#	121#
65	165	Tb	-60566#	102#
66	165	Dy	-63612.606	0.769
67	165	Ho	-64899.006	1.01
68	165	Er	-64521.61	0.964
69	165	Tm	-62929.621	1.671
70	165	Yb	-60295.382	26.539
71	165	Lu	-56442.242	26.539
72	165	Hf	-51635.507	27.945
73	165	Ta	-45847.853	13.863
74	165	W	-38861.022	24.977
75	165	Re	-30659.776	23.594
76	165	Os	-21795#	196#
77	165	Ir	-11593#	158#
62	166	Sm	-40730#	400#
63	166	Eu	-47208#	358#
64	166	Gd	-54530#	196#
65	166	Tb	-57884.789	70.005
66	166	Dy	-62584.789	0.867
67	166	Ho	-63071.329	1.01
68	166	Er	-64926.042	1.165
69	166	Tm	-61888.375	11.606
70	166	Yb	-61595.74	7.101
71	166	Lu	-56020.981	29.808
72	166	Hf	-53858.983	27.945
73	166	Ta	-46097.775	27.945
74	166	W	-41888.031	9.478
75	166	Re	-31893.478	72.31
76	166	Os	-25431.517	17.966
77	166	Ir	-13354#	196#
78	166	Pt	-4730#	300#
63	167	Eu	-44010#	400#
64	167	Gd	-50813#	298#
65	167	Tb	-55927#	196#
66	167	Dy	-59930.626	60.228
67	167	Ho	-62280.626	5.234
68	167	Er	-63291.18	1.166
69	167	Tm	-62543.641	1.298
70	167	Yb	-60590.576	3.981
71	167	Lu	-57501.125	31.671
72	167	Hf	-53467.756	27.945
73	167	Ta	-48351.059	27.945
74	167	W	-42098.058	18.261
75	167	Re	-34831#	40#
76	167	Os	-26501.993	72.682
77	167	Ir	-17072.44	18.346
78	167	Pt	-6612#	302#
63	168	Eu	-39740#	500#
64	168	Gd	-48363#	401#
65	168	Tb	-52723#	298#
66	168	Dy	-58559.566	140.009
67	168	Ho	-60061.171	30.023
68	168	Er	-62991.171	1.168
69	168	Tm	-61312.921	1.709
70	168	Yb	-61581.901	1.195
71	168	Lu	-57067.85	39.266
72	168	Hf	-55360.552	27.945
73	168	Ta	-48393.908	27.945
74	168	W	-44893.109	13.271
75	168	Re	-35794.885	30.821
76	168	Os	-29995.213	9.904
77	168	Ir	-18666.226	55.216
78	168	Pt	-11007.46	149.951
64	169	Gd	-44153#	503#
65	169	Tb	-50329#	298#
66	169	Dy	-55597.177	300.67
67	169	Ho	-58797.177	20.06
68	169	Er	-60923.104	1.179
69	169	Tm	-61275.212	0.812
70	169	Yb	-60377.563	1.205
71	169	Lu	-58084.563	3.233
72	169	Hf	-54716.889	27.945
73	169	Ta	-50290.43	27.945
74	169	W	-44917.873	15.436
75	169	Re	-38409.232	11.374
76	169	Os	-30722.691	25.167
77	169	Ir	-22093.839	23.308
78	169	Pt	-12512#	196#
79	169	Au	-1788#	298#
64	170	Gd	-41380#	596#
65	170	Tb	-46724#	401#
66	170	Dy	-53663#	196#
67	170	Ho	-56238.681	50.024
68	170	Er	-60108.681	1.546
69	170	Tm	-59795.853	0.801
70	170	Yb	-60763.919	0.01
71	170	Lu	-57306.224	16.843
72	170	Hf	-56253.854	27.945
73	170	Ta	-50137.665	27.945
74	170	W	-47290.832	13.195
75	170	Re	-38913.193	23.109
76	170	Os	-33926.247	9.773
77	170	Ir	-23360#	89#
78	170	Pt	-16299.193	18.247
79	170	Au	-3752#	196#
65	171	Tb	-44032#	503#
66	171	Dy	-50189#	298#
67	171	Ho	-54518.956	600.002
68	171	Er	-57718.956	1.557
69	171	Tm	-59210.298	0.972
70	171	Yb	-59306.81	0.013
71	171	Lu	-57828.395	1.862
72	171	Hf	-55431.345	28.876
73	171	Ta	-51720.273	27.945
74	171	W	-47086.09	27.945
75	171	Re	-41250.28	27.945
76	171	Os	-34301.942	17.823
77	171	Ir	-26412.025	38.466
78	171	Pt	-17469.702	72.747
79	171	Au	-7562.295	20.713
80	171	Hg	3480#	303#
65	172	Tb	-39850#	503#
66	172	Dy	-48009#	298#
67	172	Ho	-51484#	196#
68	172	Er	-56483.612	4.008
69	172	Tm	-57374.379	5.503
70	172	Yb	-59255.446	0.014
71	172	Lu	-56735.98	2.336
72	172	Hf	-56402.226	24.428
73	172	Ta	-51329.977	27.945
74	172	W	-49097.186	27.945
75	172	Re	-41537.106	38.995
76	172	Os	-37243.842	12.782
77	172	Ir	-27379.369	32.402
78	172	Pt	-21106.92	10.377
79	172	Au	-9318.006	56.158
80	172	Hg	-1058.744	150.079
66	173	Dy	-43939#	401#
67	173	Ho	-49351#	298#
68	173	Er	-53654#	196#
69	173	Tm	-56256.059	4.4
70	173	Yb	-57551.225	0.011
71	173	Lu	-56880.916	1.567
72	173	Hf	-55411.784	27.945
73	173	Ta	-52396.538	27.945
74	173	W	-48727.383	27.945
75	173	Re	-43553.865	27.945
76	173	Os	-37438.257	14.959
77	173	Ir	-30268.435	11.026
78	173	Pt	-21942.911	55.977
79	173	Au	-12832.44	22.784
80	173	Hg	-2710#	196#
66	174	Dy	-41370#	503#
67	174	Ho	-45690#	298#
68	174	Er	-51949#	298#
69	174	Tm	-53864.512	44.721
70	174	Yb	-56944.512	0.011
71	174	Lu	-55570.195	1.567
72	174	Hf	-55844.481	2.259
73	174	Ta	-51740.766	27.945
74	174	W	-50227.088	27.945
75	174	Re	-43673.096	27.945
76	174	Os	-39995.416	10.254
77	174	Ir	-30863.492	24.322
78	174	Pt	-25318.163	10.351
79	174	Au	-14235#	89#
80	174	Hg	-6641.009	19.211
67	175	Ho	-43203#	401#
68	175	Er	-48652#	401#
69	175	Tm	-52310.549	50
70	175	Yb	-54695.549	0.071
71	175	Lu	-55165.582	1.207
72	175	Hf	-54481.662	2.282
73	175	Ta	-52408.647	27.945
74	175	W	-49632.795	27.945
75	175	Re	-45288.307	27.945
76	175	Os	-40105.376	11.775
77	175	Ir	-33394.506	12.384
78	175	Pt	-25713.466	18.185
79	175	Au	-17403.955	38.64
80	175	Hg	-7972.576	72.896
67	176	Ho	-39290#	503#
68	176	Er	-46631#	401#
69	176	Tm	-49371.314	100
70	176	Yb	-53491.314	0.015
71	176	Lu	-53382.236	1.212
72	176	Hf	-54576.321	1.481
73	176	Ta	-51365.374	30.739
74	176	W	-50641.603	27.945
75	176	Re	-45062.885	27.945
76	176	Os	-42097.94	27.945
77	176	Ir	-33878.326	16.75
78	176	Pt	-28933.867	12.724
79	176	Au	-18520.963	33.185
80	176	Hg	-11784.95	11.119
81	176	Tl	581.594	75.086
68	177	Er	-42858#	503#
69	177	Tm	-47469#	298#
70	177	Yb	-50986.397	0.22
71	177	Lu	-52383.806	1.22
72	177	Hf	-52880.616	1.408
73	177	Ta	-51714.616	3.314
74	177	W	-49701.726	27.945
75	177	Re	-46269.17	27.945
76	177	Os	-41956.462	14.613
77	177	Ir	-36047.421	19.76
78	177	Pt	-29370.444	14.988
79	177	Au	-21545.103	10.496
80	177	Hg	-12782.542	75.056
81	177	Tl	-3340.526	21.629
68	178	Er	-40260#	596#
69	178	Tm	-44116#	401#
70	178	Yb	-49695.475	10
71	178	Lu	-50337.784	2.251
72	178	Hf	-52435.236	1.412
73	178	Ta	-50598#	52#
74	178	W	-50406.936	15.199
75	178	Re	-45653.453	27.945
76	178	Os	-43544.27	13.632
77	178	Ir	-36251.884	19.76
78	178	Pt	-31997.519	10.133
79	178	Au	-22303.743	10.086
80	178	Hg	-16315.901	10.77
81	178	Tl	-4790#	89#
82	178	Pb	3574.294	23.963
69	179	Tm	-41601#	503#
70	179	Yb	-46537#	196#
71	179	Lu	-49058.918	5.15
72	179	Hf	-50462.907	1.413
73	179	Ta	-50357.323	1.463
74	179	W	-49295.127	14.573
75	179	Re	-46584.28	24.639
76	179	Os	-43019.495	16.504
77	179	Ir	-38081.714	9.771
78	179	Pt	-32268.145	7.977
79	179	Au	-24988.567	11.696
80	179	Hg	-16928.134	27.267
81	179	Tl	-8268.495	38.793
82	179	Pb	2050.639	75.59
69	180	Tm	-37920#	503#
70	180	Yb	-44600#	298#
71	180	Lu	-46676.348	70.725
72	180	Hf	-49779.348	1.419
73	180	Ta	-48932.877	1.939
74	180	W	-49636.115	1.436
75	180	Re	-45837.359	21.392
76	180	Os	-44357.81	16.391
77	180	Ir	-37977.526	21.706
78	180	Pt	-34435.877	10.974
79	180	Au	-25625.509	4.786
80	180	Hg	-20250.447	12.649
81	180	Tl	-9386.647	60.01
82	180	Pb	-1941.38	12.396
69	181	Tm	-35170#	596#
70	181	Yb	-41088#	298#
71	181	Lu	-44797.41	125.752
72	181	Hf	-47402.831	1.42
73	181	Ta	-48438.311	1.403
74	181	W	-48233.818	1.445
75	181	Re	-46517.391	12.549
76	181	Os	-43549.963	25.338
77	181	Ir	-39463.028	5.245
78	181	Pt	-34381.511	13.689
79	181	Au	-27871.136	19.976
80	181	Hg	-20661.136	15.382
81	181	Tl	-12798.735	9.108
82	181	Pb	-3117.35	75.411
70	182	Yb	-38820#	401#
71	182	Lu	-41880#	196#
72	182	Hf	-46049.508	6.165
73	182	Ta	-46429.934	1.405
74	182	W	-48246.06	0.738
75	182	Re	-45446.06	101.983
76	182	Os	-44609.104	21.745
77	182	Ir	-39051.679	20.967
78	182	Pt	-36168.449	13.095
79	182	Au	-28300.768	20.26
80	182	Hg	-23576.922	9.79
81	182	Tl	-13327.927	11.839
82	182	Pb	-6825.112	12.098
70	183	Yb	-35100#	401#
71	183	Lu	-39716.11	80.108
72	183	Hf	-43282.796	30.034
73	183	Ta	-45292.796	1.419
74	183	W	-46365.58	0.737
75	183	Re	-45809.58	8.034
76	183	Os	-43664.043	49.76
77	183	Ir	-40203.311	24.398
78	183	Pt	-35772.487	15.533
79	183	Au	-30191.483	9.423
80	183	Hg	-23804.674	7.084
81	183	Tl	-16587.257	9.331
82	183	Pb	-7575.218	28.151
70	184	Yb	-32540#	503#
71	184	Lu	-36412#	298#
72	184	Hf	-41499.373	39.706
73	184	Ta	-42839.373	26.01
74	184	W	-45705.373	0.731
75	184	Re	-44219.634	4.275
76	184	Os	-44252.533	0.827
77	184	Ir	-39610.851	27.945
78	184	Pt	-37334.243	15.584
79	184	Au	-30318.71	22.275
80	184	Hg	-26348.965	10.062
81	184	Tl	-16883.242	10.02
82	184	Pb	-11051.522	12.806
83	184	Bi	1063.068	78.11
70	185	Yb	-28500#	503#
71	185	Lu	-33888#	298#
72	185	Hf	-38319.8	64.273
73	185	Ta	-41394.293	14.161
74	185	W	-43387.793	0.733
75	185	Re	-43819.027	0.818
76	185	Os	-42805.88	0.83
77	185	Ir	-40335.553	27.945
78	185	Pt	-36688.14	25.832
79	185	Au	-31858.143	2.608
80	185	Hg	-26183.666	13.639
81	185	Tl	-19757.741	20.674
82	185	Pb	-11541.22	16.175
83	185	Bi	-2236#	81#
71	186	Lu	-30210#	401#
72	186	Hf	-36424.21	51.232
73	186	Ta	-38607.528	60.012
74	186	W	-42508.528	1.212
75	186	Re	-41927.086	0.826
76	186	Os	-42999.943	0.761
77	186	Ir	-39172.346	16.526
78	186	Pt	-37864.443	21.745
79	186	Au	-31714.852	20.967
80	186	Hg	-28539.097	11.65
81	186	Tl	-19886.613	22.356
82	186	Pb	-14682.026	11.363
83	186	Bi	-3146.212	16.857
84	186	Po	4100.974	18.286
71	187	Lu	-27580#	401#
72	187	Hf	-32817#	298#
73	187	Ta	-36895.546	55.89
74	187	W	-39903.97	1.212
75	187	Re	-41216.478	0.736
76	187	Os	-41218.945	0.736
77	187	Ir	-39549.372	27.945
78	187	Pt	-36685.05	24.048
79	187	Au	-33027.838	22.308
80	187	Hg	-28117.93	13.905
81	187	Tl	-22444.587	8.048
82	187	Pb	-14986.959	5.094
83	187	Bi	-6383.271	10.005
84	187	Po	2828.597	31.898
71	188	Lu	-23790#	503#
72	188	Hf	-30879#	298#
73	188	Ta	-33612.03	54.958
74	188	W	-38667.811	3.089
75	188	Re	-39016.811	0.738
76	188	Os	-41137.233	0.734
77	188	Ir	-38344.907	9.423
78	188	Pt	-37820.929	5.304
79	188	Au	-32371.308	2.701
80	188	Hg	-30201.914	12.275
81	188	Tl	-22336.4	29.904
82	188	Pb	-17815.202	10.622
83	188	Bi	-7194.687	11.187
84	188	Po	-544.313	19.973
72	189	Hf	-27162#	298#
73	189	Ta	-31829#	196#
74	189	W	-35617.536	40.054
75	189	Re	-37979.043	8.191
76	189	Os	-38986.745	0.666
77	189	Ir	-38449.586	12.576
78	189	Pt	-36469.348	10.09
79	189	Au	-33581.955	20.081
80	189	Hg	-29626.401	31.553
81	189	Tl	-24616.1	8.368
82	189	Pb	-17844.035	14.062
83	189	Bi	-10064.66	20.851
84	189	Po	-1422.005	22.059
72	190	Hf	-25030#	401#
73	190	Ta	-28513#	196#
74	190	W	-34382.313	39.726
75	190	Re	-35635.83	70.852
76	190	Os	-38707.771	0.65
77	190	Ir	-36753.544	1.37
78	190	Pt	-37306.45	0.657
79	190	Au	-32833.533	3.447
80	190	Hg	-31370.697	15.907
81	190	Tl	-24372.027	7.948
82	190	Pb	-20416.645	12.514
83	190	Bi	-10599.579	22.562
84	190	Po	-4563.837	13.465
73	191	Ta	-26492#	298#
74	191	W	-31176.173	41.917
75	191	Re	-34350.296	10.265
76	191	Os	-36395.185	0.659
77	191	Ir	-36708.756	1.311
78	191	Pt	-35698.237	4.127
79	191	Au	-33797.904	4.926
80	191	Hg	-30591.896	22.28
81	191	Tl	-26282.945	7.349
82	191	Pb	-20231.118	37.26
83	191	Bi	-13239.347	7.487
84	191	Po	-5068.735	7.103
85	191	At	3863.917	16.103
73	192	Ta	-23064#	401#
74	192	W	-29649#	196#
75	192	Re	-31588.825	70.794
76	192	Os	-35882.191	2.315
77	192	Ir	-34835.561	1.314
78	192	Pt	-36288.457	2.57
79	192	Au	-32772.116	15.827
80	192	Hg	-32011.553	15.537
81	192	Tl	-25872.246	31.671
82	192	Pb	-22556.02	13.295
83	192	Bi	-13534.535	30.112
84	192	Po	-8070.661	11.11
85	192	At	2925.854	27.876
73	193	Ta	-20870#	401#
74	193	W	-26287#	196#
75	193	Re	-30231.638	39.123
76	193	Os	-33394.289	2.321
77	193	Ir	-34536.235	1.328
78	193	Pt	-34479.608	1.359
79	193	Au	-33404.821	8.674
80	193	Hg	-31062.179	15.505
81	193	Tl	-27477.212	6.707
82	193	Pb	-22194.49	49.577
83	193	Bi	-15884.559	7.576
84	193	Po	-8325.318	14.531
85	193	At	-67.32	21.632
86	193	Rn	9042.911	25.112
73	194	Ta	-17300#	503#
74	194	W	-24526#	298#
75	194	Re	-27237#	196#
76	194	Os	-32435.108	2.403
77	194	Ir	-32531.708	1.332
78	194	Pt	-34760.07	0.496
79	194	Au	-32211.936	2.118
80	194	Hg	-32183.945	2.888
81	194	Tl	-26937.491	13.972
82	194	Pb	-24207.94	17.435
83	194	Bi	-16028.811	6.178
84	194	Po	-11004.655	12.911
85	194	At	-720.163	24.931
86	194	Rn	5723.495	16.899
74	195	W	-21010#	298#
75	195	Re	-25579#	298#
76	195	Os	-29511.593	55.89
77	195	Ir	-31692.251	1.333
78	195	Pt	-32793.849	0.503
79	195	Au	-32567.031	1.119
80	195	Hg	-31013.393	23.142
81	195	Tl	-28155.248	11.093
82	195	Pb	-23707.693	17.96
83	195	Bi	-18025.561	5.287
84	195	Po	-11056.259	37.364
85	195	At	-3470.295	9.573
86	195	Rn	5050.281	50.502
74	196	W	-18880#	401#
75	196	Re	-22542#	298#
76	196	Os	-28277.105	40.055
77	196	Ir	-29435.493	38.414
78	196	Pt	-32644.51	0.51
79	196	Au	-31138.706	2.962
80	196	Hg	-31825.941	2.946
81	196	Tl	-27496.592	12.109
82	196	Pb	-25348.312	7.71
83	196	Bi	-18009.031	24.428
84	196	Po	-13473.042	13.512
85	196	At	-3914.677	30.284
86	196	Rn	1970.991	14.417
74	197	W	-15140#	401#
75	197	Re	-20502#	298#
76	197	Os	-25309#	196#
77	197	Ir	-28264.105	20.11
78	197	Pt	-30419.75	0.536
79	197	Au	-31139.738	0.542
80	197	Hg	-30540.229	3.207
81	197	Tl	-28341.649	16.325
82	197	Pb	-24745.401	4.804
83	197	Bi	-19687.191	8.333
84	197	Po	-13357.99	49.679
85	197	At	-6355.25	7.983
86	197	Rn	1510.353	16.193
87	197	Fr	10253.971	54.404
75	198	Re	-17139#	401#
76	198	Os	-23837#	196#
77	198	Ir	-25821#	196#
78	198	Pt	-29903.999	2.1
79	198	Au	-29580.781	0.54
80	198	Hg	-30954.31	0.458
81	198	Tl	-27528.746	7.545
82	198	Pb	-26067.489	8.75
83	198	Bi	-19369.486	27.945
84	198	Po	-15473.352	17.424
85	198	At	-6714.513	5.868
86	198	Rn	-1230.358	13.42
87	198	Fr	9574.024	32.222
75	199	Re	-14860#	401#
76	199	Os	-20484#	196#
77	199	Ir	-24398.515	41.054
78	199	Pt	-27388.682	2.159
79	199	Au	-29093.741	0.542
80	199	Hg	-29546.068	0.526
81	199	Tl	-28059.394	27.945
82	199	Pb	-25231.804	9.996
83	199	Bi	-20797.566	10.568
84	199	Po	-15208.483	18.06
85	199	At	-8823.372	5.384
86	199	Rn	-1499.451	37.588
87	199	Fr	6771.393	13.726
76	200	Os	-18779#	298#
77	200	Ir	-21611#	196#
78	200	Pt	-26599.16	20.11
79	200	Au	-27240.092	26.717
80	200	Hg	-29503.27	0.529
81	200	Tl	-27047.23	5.759
82	200	Pb	-26251.054	10.927
83	200	Bi	-20370.755	22.321
84	200	Po	-16941.761	7.579
85	200	At	-8987.892	24.465
86	200	Rn	-4004.765	13.681
87	200	Fr	6132.498	30.611
76	201	Os	-15239#	298#
77	201	Ir	-19897#	196#
78	201	Pt	-23740.714	50.103
79	201	Au	-26400.714	3.218
80	201	Hg	-27662.542	0.711
81	201	Tl	-27180.838	14.185
82	201	Pb	-25271.036	13.747
83	201	Bi	-21416.433	15.183
84	201	Po	-16521.185	4.942
85	201	At	-10789.438	8.184
86	201	Rn	-4072.324	49.732
87	201	Fr	3588.577	9.08
88	201	Ra	11936.801	20.301
76	202	Os	-13087#	401#
77	202	Ir	-16776#	298#
78	202	Pt	-22692.125	25.15
79	202	Au	-24352.979	23.287
80	202	Hg	-27345.324	0.705
81	202	Tl	-25980.216	1.606
82	202	Pb	-25940.614	3.796
83	202	Bi	-20741.484	15.396
84	202	Po	-17941.616	8.67
85	202	At	-10590.732	27.977
86	202	Rn	-6274.635	17.52
87	202	Fr	3096.237	7.04
88	202	Ra	9074.861	15.018
76	203	Os	-7640#	401#
77	203	Ir	-14690#	401#
78	203	Pt	-19627#	196#
79	203	Au	-23143.436	3.083
80	203	Hg	-25269.265	1.627
81	203	Tl	-25761.377	1.166
82	203	Pb	-24786.557	6.554
83	203	Bi	-21524.827	12.778
84	203	Po	-17310.889	8.655
85	203	At	-12162.557	10.576
86	203	Rn	-6153.699	18.179
87	203	Fr	876.417	6.232
88	203	Ra	8661.726	38.124
77	204	Ir	-9688#	401#
78	204	Pt	-17922#	196#
79	204	Au	-20650#	200#
80	204	Hg	-24690.145	0.498
81	204	Tl	-24346.145	1.152
82	204	Pb	-25109.892	1.146
83	204	Bi	-20645.896	9.18
84	204	Po	-18341.244	11.013
85	204	At	-11875.433	22.288
86	204	Rn	-7970.193	7.444
87	204	Fr	607.31	24.581
88	204	Ra	6056.787	15.273
77	205	Ir	-5960#	503#
78	205	Pt	-12966#	298#
79	205	Au	-18770#	196#
80	205	Hg	-22287.74	3.654
81	205	Tl	-23820.874	1.237
82	205	Pb	-23770.239	1.144
83	205	Bi	-21064.504	5.111
84	205	Po	-17521.398	10.059
85	205	At	-12971.946	15.085
86	205	Rn	-7709.786	5.08
87	205	Fr	-1309.813	7.824
88	205	Ra	5838.991	70.521
89	205	Ac	14106.693	50.818
78	206	Pt	-9632#	298#
79	206	Au	-14215#	298#
80	206	Hg	-20945.801	20.44
81	206	Tl	-22253.367	1.284
82	206	Pb	-23785.584	1.144
83	206	Bi	-20028.278	7.632
84	206	Po	-18188.674	4.012
85	206	At	-12429.718	15.056
86	206	Rn	-9132.965	8.591
87	206	Fr	-1242.416	28.195
88	206	Ra	3565.539	18.008
89	206	Ac	13479.452	50.493
78	207	Pt	-4540#	401#
79	207	Au	-10810#	300#
80	207	Hg	-16487.444	29.808
81	207	Tl	-21034.451	5.439
82	207	Pb	-22452.047	1.147
83	207	Bi	-20054.627	2.397
84	207	Po	-17145.775	6.659
85	207	At	-13227.416	12.406
86	207	Rn	-8634.762	8.497
87	207	Fr	-2844.341	17.505
88	207	Ra	3544.485	53.202
89	207	Ac	11146.233	50.387
78	208	Pt	-990#	400#
79	208	Au	-6101#	298#
80	208	Hg	-13265.406	30.739
81	208	Tl	-16750.132	1.854
82	208	Pb	-21748.598	1.148
83	208	Bi	-18870.223	2.304
84	208	Po	-17469.596	1.737
85	208	At	-12469.871	8.921
86	208	Rn	-9655.591	11.138
87	208	Fr	-2665.919	11.834
88	208	Ra	1727.856	9.023
89	208	Ac	10753.235	55.716
90	208	Th	16683.73	34.19
79	209	Au	-2540#	400#
80	209	Hg	-8644#	149#
81	209	Tl	-13644.757	6.11
82	209	Pb	-17614.646	1.747
83	209	Bi	-18258.662	1.364
84	209	Po	-16366.092	1.778
85	209	At	-12882.613	5.102
86	209	Rn	-8941.049	9.96
87	209	Fr	-3769.572	14.648
88	209	Ra	1858.219	5.747
89	209	Ac	8843.809	50.608
90	209	Th	16367#	140#
79	210	Au	2329#	401#
80	210	Hg	-5365#	196#
81	210	Tl	-9246.969	11.604
82	210	Pb	-14728.502	1.447
83	210	Bi	-14791.979	1.363
84	210	Po	-15953.137	1.146
85	210	At	-11972.177	7.695
86	210	Rn	-9604.77	4.557
87	210	Fr	-3333.205	15.154
88	210	Ra	442.792	9.193
89	210	Ac	8789.699	57.402
90	210	Th	14059.446	18.909
80	211	Hg	-624#	196#
81	211	Tl	-6077.998	41.917
82	211	Pb	-10492.948	2.261
83	211	Bi	-11859.131	5.442
84	211	Po	-12432.571	1.255
85	211	At	-11647.264	2.729
86	211	Rn	-8755.404	6.813
87	211	Fr	-4140.249	11.991
88	211	Ra	832.023	7.918
89	211	Ac	7202.214	52.976
90	211	Th	13910.171	73.01
91	211	Pa	22080#	102#
80	212	Hg	2757#	298#
81	212	Tl	-1551#	200#
82	212	Pb	-7548.85	1.842
83	212	Bi	-8117.954	1.854
84	212	Po	-10369.487	1.152
85	212	At	-8628.221	2.384
86	212	Rn	-8659.608	3.145
87	212	Fr	-3515.968	8.775
88	212	Ra	-198.968	11.263
89	212	Ac	7277.298	51.381
90	212	Th	12110.808	10.109
91	212	Pa	21593.358	74.862
80	213	Hg	7666#	298#
81	213	Tl	1783.811	27.013
82	213	Pb	-3203.532	6.954
83	213	Bi	-5231.635	5.082
84	213	Po	-6653.584	3.053
85	213	At	-6579.595	4.898
86	213	Rn	-5696.026	3.37
87	213	Fr	-3552.848	5.091
88	213	Ra	345.557	9.818
89	213	Ac	6154.692	15.272
90	213	Th	12120.086	9.217
91	213	Pa	19662.625	71.142
80	214	Hg	11178#	401#
81	214	Tl	6465#	196#
82	214	Pb	-182.769	1.975
83	214	Bi	-1200.753	11.209
84	214	Po	-4470.046	1.449
85	214	At	-3379.831	4.298
86	214	Rn	-4319.742	9.187
87	214	Fr	-958.707	8.634
88	214	Ra	92.734	5.25
89	214	Ac	6443.854	15.36
90	214	Th	10694.885	10.661
91	214	Pa	19485.515	76.125
80	215	Hg	16208#	401#
81	215	Tl	9911#	298#
82	215	Pb	4342.244	52.448
83	215	Bi	1629.322	5.624
84	215	Po	-541.706	2.121
85	215	At	-1255.756	6.799
86	215	Rn	-1168.561	7.672
87	215	Fr	318.065	7.066
88	215	Ra	2533.739	7.613
89	215	Ac	6030.615	12.406
90	215	Th	10921.586	8.84
91	215	Pa	17863.939	72.845
92	215	U	24923.087	88.49
80	216	Hg	19859#	401#
81	216	Tl	14718#	298#
82	216	Pb	7480#	196#
83	216	Bi	5873.991	11.178
84	216	Po	1782.42	1.816
85	216	At	2256.666	3.575
86	216	Rn	252.868	5.994
87	216	Fr	2970.95	4.173
88	216	Ra	3291.077	8.737
89	216	Ac	8144.395	10.84
90	216	Th	10298.332	12.042
91	216	Pa	17799.214	53.526
92	216	U	23066.351	28.093
81	217	Tl	18313#	401#
82	217	Pb	12240#	298#
83	217	Bi	8729.962	17.698
84	217	Po	5883.518	6.544
85	217	At	4394.635	5.001
86	217	Rn	3658.501	4.198
87	217	Fr	4314.59	6.531
88	217	Ra	5889.656	7.202
89	217	Ac	8703.673	11.389
90	217	Th	12205.78	10.614
91	217	Pa	17068.41	15.918
92	217	U	22973#	71#
81	218	Tl	23180#	400#
82	218	Pb	15453#	298#
83	218	Bi	13216.037	27.013
84	218	Po	8356.901	1.973
85	218	At	8098.162	11.604
86	218	Rn	5217.347	2.316
87	218	Fr	7059.117	4.757
88	218	Ra	6651.17	11.176
89	218	Ac	10843.609	50.74
90	218	Th	12366.741	10.516
91	218	Pa	18683.77	18.329
92	218	U	21894.608	13.714
82	219	Pb	20279#	401#
83	219	Bi	16283#	196#
84	219	Po	12681.359	15.835
85	219	At	10396.076	3.237
86	219	Rn	8829.402	2.1
87	219	Fr	8617.767	7.039
88	219	Ra	9394.282	8.258
89	219	Ac	11569.48	50.497
90	219	Th	14471.39	50.576
91	219	Pa	18540.131	51.516
92	219	U	23286.569	50.775
93	219	Np	29456.655	88.354
82	220	Pb	23669#	401#
83	220	Bi	20819#	298#
84	220	Po	15263.461	17.698
85	220	At	14375.747	13.972
86	220	Rn	10612.077	1.815
87	220	Fr	11482.32	4.028
88	220	Ra	10270.245	8.237
89	220	Ac	13743.682	6.129
90	220	Th	14669.1	22.166
91	220	Pa	20218#	51#
92	220	U	22933#	101#
93	220	Np	30311#	196#
83	221	Bi	24098#	298#
84	221	Po	19773.755	19.561
85	221	At	16782.727	13.972
86	221	Rn	14471.42	5.714
87	221	Fr	13277.29	4.886
88	221	Ra	12963.811	4.63
89	221	Ac	14523.109	50.425
90	221	Th	16940.371	8.166
91	221	Pa	20376.288	51.281
92	221	U	24519.995	51.114
93	221	Np	29850#	200#
83	222	Bi	28729#	300#
84	222	Po	22486.265	40.054
85	222	At	20953.026	15.835
86	222	Rn	16372.206	1.95
87	222	Fr	16378.105	7.452
88	222	Ra	14320.188	4.454
89	222	Ac	16621.474	5.174
90	222	Th	17203.111	12.279
91	222	Pa	22155#	72#
92	222	U	24272.827	51.994
93	222	Np	31019#	196#
83	223	Bi	32137#	401#
84	223	Po	27079#	196#
85	223	At	23428.006	13.972
86	223	Rn	20389.739	7.822
87	223	Fr	18382.394	1.932
88	223	Ra	17233.309	2.09
89	223	Ac	17825.882	7.11
90	223	Th	19385.831	9.212
91	223	Pa	22320.676	71.063
92	223	U	25837.006	71.119
93	223	Np	30600#	196#
83	224	Bi	36830#	400#
84	224	Po	29910#	196#
85	224	At	27711.015	22.356
86	224	Rn	22445.098	9.814
87	224	Fr	21748.616	11.178
88	224	Ra	18825.917	1.813
89	224	Ac	20234.135	4.089
90	224	Th	19993.734	10.12
91	224	Pa	23862.278	7.587
92	224	U	25722.252	23.171
93	224	Np	31876#	196#
84	225	Po	34530#	298#
85	225	At	30395#	298#
86	225	Rn	26534.141	11.14
87	225	Fr	23820.61	11.967
88	225	Ra	21993.109	2.596
89	225	Ac	21637.346	4.758
90	225	Th	22310.127	5.093
91	225	Pa	24340.725	71.012
92	225	U	27379.921	10.909
93	225	Np	31587.704	71.622
84	226	Po	37549#	401#
85	226	At	34614#	298#
86	226	Rn	28747.192	10.477
87	226	Fr	27520.539	6.23
88	226	Ra	23667.824	1.933
89	226	Ac	24309.264	3.1
90	226	Th	23197.634	4.481
91	226	Pa	26033.276	11.42
92	226	U	27328.869	12.999
93	226	Np	32777#	88#
84	227	Po	42281#	401#
85	227	At	37483#	298#
86	227	Rn	32885.834	14.091
87	227	Fr	29682.445	5.898
88	227	Ra	27177.711	1.952
89	227	Ac	25849.58	1.927
90	227	Th	25804.823	2.088
91	227	Pa	26831.198	7.42
92	227	U	29045.462	9.705
93	227	Np	32562.08	72.506
94	227	Pu	36770#	100#
85	228	At	41684#	401#
86	228	Rn	35243.465	17.677
87	228	Fr	33384.221	6.732
88	228	Ra	28940.268	1.996
89	228	Ac	28894.728	2.094
90	228	Th	26770.984	1.807
91	228	Pa	28923.586	4.34
92	228	U	29222.226	14.354
93	228	Np	33595.694	50.572
94	228	Pu	36087.37	29.143
85	229	At	44823#	401#
86	229	Rn	39362.4	13.041
87	229	Fr	35668.262	5.001
88	229	Ra	32561.963	15.441
89	229	Ac	30689.933	12.109
90	229	Th	29585.583	2.405
91	229	Pa	29896.908	3.28
92	229	U	31210.554	5.938
93	229	Np	33779.675	86.848
94	229	Pu	37395.59	51.176
95	229	Am	42150.02	87.348
86	230	Rn	42048#	196#
87	230	Fr	39486.768	6.541
88	230	Ra	34516.306	10.296
89	230	Ac	33838.383	15.835
90	230	Th	30862.593	1.21
91	230	Pa	32173.607	3.038
92	230	U	31615.002	4.509
93	230	Np	35236.291	51.288
94	230	Pu	36934.392	14.824
95	230	Am	42932#	133#
86	231	Rn	46454#	298#
87	231	Fr	42080.575	7.731
88	231	Ra	38216.486	11.37
89	231	Ac	35762.849	13.041
90	231	Th	33815.891	1.218
91	231	Pa	33424.404	1.772
92	231	U	33806.015	2.67
93	231	Np	35624.513	50.547
94	231	Pu	38309.005	22.549
95	231	Am	42410#	300#
96	231	Cm	47270#	300#
87	232	Fr	46072.834	13.972
88	232	Ra	40496.953	9.151
89	232	Ac	39154.419	13.041
90	232	Th	35446.784	1.422
91	232	Pa	35946.633	7.645
92	232	U	34609.53	1.809
93	232	Np	37360#	100#
94	232	Pu	38363.14	17.595
95	232	Am	43340#	300#
96	232	Cm	46312#	202#
87	233	Fr	48920.051	19.561
88	233	Ra	44334.06	8.603
89	233	Ac	41308.033	13.041
90	233	Th	38731.715	1.425
91	233	Pa	37489.472	1.336
92	233	U	36919.176	2.255
93	233	Np	37948.59	50.981
94	233	Pu	40051.769	50.351
95	233	Am	43263#	102#
96	233	Cm	47294.006	71.547
97	233	Bk	52861#	224#
88	234	Ra	46930.629	8.383
89	234	Ac	44841.19	13.972
90	234	Th	40613.009	2.589
91	234	Pa	40338.921	4.094
92	234	U	38145.025	1.13
93	234	Np	39954.871	8.397
94	234	Pu	40349.971	6.798
95	234	Am	44461#	159#
96	234	Cm	46724.633	17.394
97	234	Bk	53455#	142#
88	235	Ra	51130#	300#
89	235	Ac	47357.155	13.972
90	235	Th	44017.749	13.041
91	235	Pa	42288.896	13.972
92	235	U	40918.846	1.117
93	235	Np	41043.108	1.389
94	235	Pu	42182.41	20.521
95	235	Am	44625.429	52.192
96	235	Cm	48034#	201#
97	235	Bk	52704#	401#
89	236	Ac	51220.992	38.191
90	236	Th	46255.198	13.972
91	236	Pa	45333.95	13.972
92	236	U	42444.644	1.113
93	236	Np	43378.178	50.421
94	236	Pu	42901.593	1.811
95	236	Am	46041#	112#
96	236	Cm	47855.045	18.315
97	236	Bk	53542#	401#
89	237	Ac	54020#	400#
90	237	Th	49955.092	15.835
91	237	Pa	47527.619	13.041
92	237	U	45390.194	1.203
93	237	Np	44871.659	1.12
94	237	Pu	45091.722	1.697
95	237	Am	46570#	59#
96	237	Cm	49247.085	70.96
97	237	Bk	53188#	224#
98	237	Cf	57938.921	87.287
90	238	Th	52525#	283#
91	238	Pa	50894.038	15.835
92	238	U	47307.783	1.493
93	238	Np	47454.656	1.138
94	238	Pu	46163.213	1.139
95	238	Am	48421.487	50.7
96	238	Cm	49445.188	12.234
97	238	Bk	54216#	255#
98	238	Cf	57278#	298#
90	239	Th	56450#	400#
91	239	Pa	53337#	196#
92	239	U	50572.718	1.503
93	239	Np	49311.057	1.311
94	239	Pu	48588.282	1.113
95	239	Am	49390.424	1.982
96	239	Cm	51147.025	54.047
97	239	Bk	54250#	207#
98	239	Cf	58269#	209#
99	239	Es	63556#	298#
91	240	Pa	56910#	200#
92	240	U	52715.505	2.553
93	240	Np	52316.272	17.032
94	240	Pu	50125.38	1.106
95	240	Am	51510.169	13.832
96	240	Cm	51724.306	1.906
97	240	Bk	55664#	150#
98	240	Cf	57990.944	18.7
99	240	Es	64199#	401#
91	241	Pa	59640#	300#
92	241	U	56197#	196#
93	241	Np	54260.175	70.719
94	241	Pu	52955.175	1.106
95	241	Am	52934.395	1.114
96	241	Cm	53701.83	1.608
97	241	Bk	56032#	200#
98	241	Cf	59327#	166#
99	241	Es	63863#	225#
100	241	Fm	69126#	298#
92	242	U	58620#	201#
93	242	Np	57416.932	200.004
94	242	Pu	54716.932	1.245
95	242	Am	55468.072	1.119
96	242	Cm	54803.764	1.142
97	242	Bk	57734#	200#
98	242	Cf	59386.966	12.892
99	242	Es	64801#	256#
100	242	Fm	68400#	401#
92	243	U	62360#	300#
93	243	Np	59876#	32#
94	243	Pu	57754.602	2.542
95	243	Am	57175.046	1.388
96	243	Cm	57181.998	1.496
97	243	Bk	58689.693	4.524
98	243	Cf	60990#	114#
99	243	Es	64747#	207#
100	243	Fm	69387#	215#
93	244	Np	63202#	298#
94	244	Pu	59806.028	2.346
95	244	Am	59879.196	1.492
96	244	Cm	58451.896	1.107
97	244	Bk	60713.885	14.399
98	244	Cf	61478.179	2.618
99	244	Es	66026#	181#
100	244	Fm	68966#	201#
93	245	Np	65890#	300#
94	245	Pu	63178.179	13.62
95	245	Am	61900.469	1.887
96	245	Cm	61004.58	1.15
97	245	Bk	61813.836	1.793
98	245	Cf	63385.21	2.428
99	245	Es	66366#	200#
100	245	Fm	70187#	195#
101	245	Md	75272#	305#
94	246	Pu	65394.801	14.985
95	246	Am	64994#	18#
96	246	Cm	62616.967	1.526
97	246	Bk	63966.967	60.019
98	246	Cf	64090.292	1.515
99	246	Es	67901#	224#
100	246	Fm	70188.833	15.333
101	246	Md	76115#	259#
94	247	Pu	69108#	196#
95	247	Am	67153#	100#
96	247	Cm	65533.143	3.797
97	247	Bk	65489.562	5.189
98	247	Cf	66103.903	15.334
99	247	Es	68578.388	19.441
100	247	Fm	71673#	115#
101	247	Md	75937#	207#
95	248	Am	70563#	200#
96	248	Cm	67392.755	2.358
97	248	Bk	68080#	71#
98	248	Cf	67238.012	5.121
99	248	Es	70299#	52#
100	248	Fm	71897.857	8.497
101	248	Md	77148#	237#
102	248	No	80621#	224#
95	249	Am	73104#	298#
96	249	Cm	70750.702	2.371
97	249	Bk	69846.384	1.249
98	249	Cf	69722.784	1.183
99	249	Es	71175#	30#
100	249	Fm	73519.188	6.212
101	249	Md	77232#	201#
102	249	No	81782#	279#
96	250	Cm	72989.594	10.274
97	250	Bk	72949.978	3.719
98	250	Cf	71170.391	1.538
99	250	Es	73225#	100#
100	250	Fm	74072.243	7.888
101	250	Md	78630#	301#
102	250	No	81564#	201#
96	251	Cm	76648.018	22.698
97	251	Bk	75228.018	10.734
98	251	Cf	74135.018	3.901
99	251	Es	74512.277	5.994
100	251	Fm	75953.919	15.203
101	251	Md	78966.744	18.919
102	251	No	82849#	114#
103	251	Lr	87728#	298#
96	252	Cm	79056#	298#
97	252	Bk	78535#	200#
98	252	Cf	76034.617	2.358
99	252	Es	77294.617	50.056
100	252	Fm	76815.627	5.498
101	252	Md	80510#	130#
102	252	No	82871.427	9.292
103	252	Lr	88737#	238#
97	253	Bk	80929#	359#
98	253	Cf	79301.567	4.257
99	253	Es	79010.538	1.25
100	253	Fm	79345.74	2.932
101	253	Md	81173#	31#
102	253	No	84358.735	6.912
103	253	Lr	88575#	202#
104	253	Rf	93557#	410#
97	254	Bk	84393#	298#
98	254	Cf	81341.401	11.462
99	254	Es	81990.594	4.01
100	254	Fm	80902.794	2.414
101	254	Md	83453#	100#
102	254	No	84723.347	9.658
103	254	Lr	89871#	301#
104	254	Rf	93199#	283#
98	255	Cf	84809#	200#
99	255	Es	84089.274	10.817
100	255	Fm	83799.654	4.291
101	255	Md	84843.07	6.553
102	255	No	86807.234	14.904
103	255	Lr	89947.3	17.698
104	255	Rf	94330#	115#
105	255	Db	99593#	359#
98	256	Cf	87041#	314#
99	256	Es	87187#	100#
100	256	Fm	85486.817	5.6
101	256	Md	87456#	122#
102	256	No	87822.062	7.743
103	256	Lr	91746.598	82.903
104	256	Rf	94222.049	17.848
105	256	Db	100498#	240#
99	257	Es	89403#	411#
100	257	Fm	88590.033	4.486
101	257	Md	88993.053	1.601
102	257	No	90247.256	6.678
103	257	Lr	92665#	44#
104	257	Rf	95866.427	10.817
105	257	Db	100207#	203#
99	258	Es	92702#	401#
100	258	Fm	90426#	200#
101	258	Md	91686.792	4.419
102	258	No	91478#	100#
103	258	Lr	94782#	102#
104	258	Rf	96341.036	31.967
105	258	Db	101797#	305#
106	258	Sg	105244#	413#
100	259	Fm	93704#	283#
101	259	Md	93624#	200#
102	259	No	94078.569	6.589
103	259	Lr	95852#	71#
104	259	Rf	98362#	72#
105	259	Db	101991.016	53.04
106	259	Sg	106520#	115#
100	260	Fm	95766#	435#
101	260	Md	96552#	316#
102	260	No	95612#	200#
103	260	Lr	98277#	124#
104	260	Rf	99147#	200#
105	260	Db	103673#	93#
106	260	Sg	106547.552	20.536
107	260	Bh	113323#	245#
101	261	Md	98578#	509#
102	261	No	98455#	200#
103	261	Lr	99558#	200#
104	261	Rf	101318.594	50.444
105	261	Db	104308#	110#
106	261	Sg	108005.043	18.494
107	261	Bh	113133#	209#
101	262	Md	101627#	500#
102	262	No	100101#	361#
103	262	Lr	102102#	200#
104	262	Rf	102393#	224#
105	262	Db	106253#	143#
106	262	Sg	108365.771	35.411
107	262	Bh	114541#	306#
102	263	No	103129#	490#
103	263	Lr	103729#	283#
104	263	Rf	104756#	153#
105	263	Db	107111#	168#
106	263	Sg	110190#	95#
107	263	Bh	114496#	305#
108	263	Hs	119678#	125#
102	264	No	105011#	591#
103	264	Lr	106377#	436#
104	264	Rf	106077#	361#
105	264	Db	109362#	235#
106	264	Sg	110782#	283#
107	264	Bh	116058#	177#
108	264	Hs	119563.222	28.881
103	265	Lr	108233#	547#
104	265	Rf	108690#	361#
105	265	Db	110483#	224#
106	265	Sg	112794#	123#
107	265	Bh	116415#	234#
108	265	Hs	120900.283	23.958
109	265	Mt	126678#	451#
103	266	Lr	111622#	583#
104	266	Rf	110076#	469#
105	266	Db	112737#	283#
106	266	Sg	113618#	245#
107	266	Bh	118104#	163#
108	266	Hs	121136.373	38.695
109	266	Mt	127962#	307#
104	267	Rf	113444#	575#
105	267	Db	114074#	412#
106	267	Sg	115806#	257#
107	267	Bh	118766#	263#
108	267	Hs	122653#	96#
109	267	Mt	127791#	503#
110	267	Ds	133880#	135#
104	268	Rf	115476#	662#
105	268	Db	117062#	529#
106	268	Sg	116802#	469#
107	268	Bh	120807#	381#
108	268	Hs	122830#	283#
109	268	Mt	129151#	233#
110	268	Ds	133648#	301#
105	269	Db	119148#	624#
106	269	Sg	119763#	364#
107	269	Bh	121478#	374#
108	269	Hs	124564#	124#
109	269	Mt	129370#	463#
110	269	Ds	134834.709	31.403
105	270	Db	122307#	617#
106	270	Sg	121491#	557#
107	270	Bh	124226#	287#
108	270	Hs	125112#	248#
109	270	Mt	130710#	170#
110	270	Ds	134678.282	48.011
106	271	Sg	124757#	585#
107	271	Bh	125921#	415#
108	271	Hs	127740#	280#
109	271	Mt	131101#	330#
110	271	Ds	135948#	97#
106	272	Sg	126580#	727#
107	272	Bh	128789#	532#
108	272	Hs	129006#	510#
109	272	Mt	133581#	485#
110	272	Ds	136015#	413#
111	272	Rg	142773#	233#
106	273	Sg	130018#	503#
107	273	Bh	130633#	692#
108	273	Hs	131890#	367#
109	273	Mt	134713#	424#
110	273	Ds	138356#	134#
111	273	Rg	142695#	526#
107	274	Bh	133682#	619#
108	274	Hs	133486#	592#
109	274	Mt	137246#	354#
110	274	Ds	139197#	389#
111	274	Rg	144613#	177#
107	275	Bh	135691#	596#
108	275	Hs	136620#	587#
109	275	Mt	138829#	418#
110	275	Ds	141565#	410#
111	275	Rg	145296#	519#
108	276	Hs	138285#	754#
109	276	Mt	141315#	532#
110	276	Ds	142541#	548#
111	276	Rg	147486#	629#
112	276	Cn	150352#	596#
108	277	Hs	141493#	541#
109	277	Mt	142968#	699#
110	277	Ds	145140#	384#
111	277	Rg	148338#	520#
112	277	Cn	152403#	143#
109	278	Mt	145736#	621#
110	278	Ds	146381#	625#
111	278	Rg	150517#	357#
112	278	Cn	152932#	438#
113	278	Ed	158889#	184#
109	279	Mt	147496#	667#
110	279	Ds	149126#	598#
111	279	Rg	151775#	421#
112	279	Cn	155030#	456#
113	279	Ed	159239#	699#
110	280	Ds	150520#	780#
111	280	Rg	153886#	532#
112	280	Cn	155696#	583#
113	280	Ed	161140#	400#
110	281	Ds	153431#	579#
111	281	Rg	155297#	806#
112	281	Cn	158019#	387#
113	281	Ed	161810#	300#
111	282	Rg	157800#	654#
112	282	Cn	158976#	656#
113	282	Ed	163725#	361#
111	283	Rg	159281#	697#
112	283	Cn	161486#	608#
113	283	Ed	164707#	436#
112	284	Cn	162545#	806#
113	284	Ed	166591#	534#
114	284	Fl	168921#	656#
112	285	Cn	165173#	581#
113	285	Ed	167731#	807#
114	285	Fl	171003#	391#
113	286	Ed	170014#	656#
114	286	Fl	171773#	657#
113	287	Ed	171245#	725#
114	287	Fl	174073#	610#
115	287	Ef	177895#	439#
114	288	Fl	175042#	806#
115	288	Ef	179771#	536#
114	289	Fl	177564#	584#
115	289	Ef	180666#	809#
116	289	Lv	184528#	492#
115	290	Ef	182894#	658#
116	290	Lv	185198#	660#
115	291	Ef	183990#	784#
116	291	Lv	187387#	612#
117	291	Eh	191800#	594#
116	292	Lv	188242#	806#
117	292	Eh	193576#	669#
116	293	Lv	190669#	586#
117	293	Eh	194385#	810#
118	293	Ei	198873#	702#
117	294	Eh	196521#	660#
118	294	Ei	199463#	663#
118	295	Ei	201512#	644#